12 14 13
0 22 1
22 18 19
6 9 21
2 4 5
10 10 14
11 13 7
10 0 6
15 2 13
13 14 17
3 14 14
15 12 7
18 10 19
8 14 22
3 8 16
16 16 17
0 10 7
2 10 14
18 8 19
22 21 4
15 2 3
22 11 5
19 2 0
2 2 7
2 20 20
22 5 1
6 8 4
5 20 19
2 6 22
8 21 4
19 1 5
14 15 8
15 8 0
19 1 20
15 2 3
10 13 0
19 5 19
19 17 20
22 21 4
22 9 13
12 12 9
9 2 17
10 17 11
13 2 17
22 17 4
4 9 10
3 20 4
3 8 16
3 7 4
6 6 7
22 4 14
15 2 3
17 13 0
12 17 16
16 3 3
17 10 9
20 1 21
10 11 14
12 8 4
7 5 6
2 22 13
15 8 0
15 12 19
9 11 12
10 9 9
18 20 22
5 10 8
9 8 8
5 0 15
22 9 8
2 4 5
2 11 12
13 7 18
5 22 11
22 5 1
14 5 15
14 19 1
13 17 19
21 8 22
16 14 0
18 21 5
2 4 3
5 16 10
2 5 1
9 18 8
8 14 22
19 4 18
0 15 4
7 18 2
21 12 1
1 19 15
9 12 22
14 17 10
14 8 4
11 21 18
15 12 19
22 17 4
8 17 19
19 2 0
2 18 21
17 10 13
5 10 15
2 11 16
11 6 13
4 15 15
1 18 11
8 19 17
10 0 6
4 4 5
2 12 6
7 19 9
22 9 8
8 11 8
6 8 4
7 18 2
14 9 18
18 7 10
9 4 18
18 8 20
6 8 4
22 4 8
13 20 21
0 6 9
21 1 0
18 15 22
19 17 20
18 9 12
20 9 13
2 10 4
17 8 5
2 10 4
10 1 11
16 16 17
10 14 12
16 8 14
16 4 10
16 14 0
2 0 11
6 8 4
4 14 20
2 9 16
22 7 9
12 0 21
2 13 8
16 3 3
18 15 22
21 19 11
0 15 4
15 13 20
0 8 12
13 15 17
2 2 7
16 11 6
15 12 3
14 13 0
16 13 17
8 22 12
2 8 2
12 3 6
4 9 10
21 12 1
12 17 16
5 18 2
4 8 7
2 3 5
2 7 20
16 22 11
2 16 2
6 17 1
19 14 1
2 9 20
3 5 14
14 13 22
3 7 4
7 2 8
22 17 4
7 5 0
3 14 14
20 3 11
1 17 18
14 13 22
9 15 3
17 3 18
9 4 18
5 10 15
15 12 19
4 5 0
18 3 16
9 15 3
5 17 9
7 6 16
12 6 14
2 20 20
11 3 19
11 5 0
11 0 8
9 1 10
6 20 6
9 15 3
7 20 2
16 7 13
20 10 10
22 22 20
12 14 18
2 2 12
14 9 18
11 3 19
8 11 8
17 14 9
1 17 4
16 14 0
21 6 21
1 18 13
21 5 5
13 14 2
21 13 2
22 21 4
22 20 11
2 14 6
1 13 14
22 5 1
1 3 15
13 2 17
19 8 7
22 14 7
17 20 13
15 8 22
2 16 2
0 22 15
17 13 0
14 3 18
15 0 17
21 19 16
3 8 19
15 10 22
21 19 16
3 1 16
18 15 22
20 1 21
3 1 9
18 5 2
22 21 4
10 0 6
10 17 11
21 21 9
1 18 13
13 14 9
2 8 18
15 12 3
7 21 0
1 20 1
17 7 8
19 5 22
22 20 11
0 4 18
11 11 20
10 22 22
17 0 13
11 8 13
13 17 22
13 20 21
22 18 19
5 0 15
1 17 4
7 6 16
12 0 21
7 19 9
15 12 7
22 21 4
17 21 0
22 17 5
18 20 22
10 1 11
22 1 6
7 2 8
8 8 17
7 18 2
18 3 5
16 11 6
22 18 19
1 8 6
2 7 20
15 12 7
8 14 22
3 1 13
15 3 8
5 5 2
11 19 18
2 7 20
21 12 1
20 19 1
20 16 3
12 2 19
2 13 3
20 6 9
21 8 15
14 13 16
22 4 14
6 9 12
8 21 4
22 3 12
10 8 22
8 19 17
18 11 12
3 7 8
2 20 20
21 1 0
3 9 16
15 12 16
0 20 1
8 8 17
18 7 10
22 20 11
11 15 16
2 17 0
22 7 10
10 15 15
7 3 6
20 16 16
5 5 2
0 12 10
11 11 20
19 5 7
12 8 4
12 15 17
21 4 17
18 3 5
5 18 0
6 8 12
9 4 18
18 8 19
20 7 4
9 15 3
2 3 5
0 19 5
0 22 15
9 4 21
7 6 15
2 0 11
12 2 6
11 13 7
6 21 22
1 0 18
19 5 7
9 15 3
17 21 0
15 8 22
12 2 6
9 18 14
12 17 16
9 8 8
10 2 15
19 1 20
12 21 16
3 19 15
17 13 9
12 2 3
7 13 3
1 2 11
14 8 9
17 10 9
10 9 9
22 22 20
1 20 1
8 11 8
16 0 1
0 16 1
7 13 21
10 2 15
15 10 22
1 13 11
0 8 12
3 10 17
8 16 22
3 14 14
8 15 12
17 13 0
3 1 16
19 12 13
13 14 22
16 8 14
22 2 22
22 7 10
2 12 6
22 12 21
21 0 16
2 8 18
15 16 9
21 19 11
2 19 19
6 9 12
0 4 4
11 19 18
0 8 20
11 5 0
22 19 14
11 16 8
2 21 15
22 21 4
3 1 9
8 4 5
11 13 7
11 3 21
2 22 13
10 9 9
6 9 0
17 9 21
21 21 11
2 16 8
13 15 6
5 21 4
19 1 5
2 10 21
15 10 22
0 22 1
19 18 1
8 20 22
14 8 9
12 15 5
10 1 2
6 22 3
4 1 4
5 6 17
12 6 14
15 10 22
22 6 22
8 22 12
22 21 4
22 5 1
3 14 14
10 9 9
22 3 12
21 21 9
3 7 4
2 10 4
14 13 14
2 7 20
8 17 6
19 2 0
21 13 2
14 17 10
15 18 3
5 21 4
8 2 7
19 5 19
2 2 10
5 6 2
15 1 15
11 15 16
9 4 21
9 22 4
5 17 9
4 18 3
11 4 15
14 20 20
11 0 8
4 15 15
11 3 21
7 5 11
10 8 22
20 16 3
13 14 17
19 2 0
15 2 13
14 19 1
13 15 17
6 8 12
22 11 5
22 11 5
3 6 5
6 11 10
22 22 20
3 1 13
12 3 6
7 21 0
9 15 3
11 3 19
20 14 7
19 5 1
12 14 13
5 11 6
12 2 8
12 14 13
18 21 22
3 8 16
22 11 5
8 15 12
7 20 20
17 10 13
9 4 18
20 16 3
18 3 5
12 0 21
13 8 18
11 6 13
12 8 4
4 10 19
16 19 11
9 12 22
11 4 15
11 3 19
21 21 9
15 16 15
1 18 5
10 9 9
20 7 18
2 6 14
21 4 17
14 8 4
12 3 6
2 22 13
12 14 18
2 8 18
20 8 1
1 0 18
7 20 20
2 16 8
22 17 4
3 6 7
0 8 20
2 4 5
0 16 1
0 4 4
5 5 2
14 20 20
13 9 2
6 18 7
1 18 13
17 16 6
2 22 13
7 4 6
14 19 1
19 1 20
20 12 20
19 5 22
22 14 14
0 22 0
16 14 18
4 2 18
22 8 9
10 0 6
17 13 0
6 8 12
14 20 3
7 5 11
14 20 3
2 20 17
6 21 22
5 0 1
13 8 18
12 14 18
15 2 3
6 8 4
8 8 17
21 17 18
3 7 8
0 22 15
1 12 12
7 20 20
5 3 18
3 1 13
10 9 9
13 2 17
1 18 11
8 20 22
20 3 11
5 8 21
2 10 11
13 21 14
16 16 17
6 9 0
6 21 0
21 5 5
3 20 6
22 1 6
18 15 22
5 11 6
12 17 16
19 17 21
9 18 8
2 13 8
18 4 12
16 19 17
2 10 4
2 2 19
15 18 3
2 11 16
21 12 1
10 17 11
18 15 22
2 11 3
12 8 4
21 6 21
2 10 4
0 12 10
7 6 16
5 20 19
5 6 17
3 8 16
2 16 8
12 10 11
2 19 5
9 21 17
10 8 22
14 9 18
10 22 22
21 6 1
5 18 0
1 18 13
22 5 21
2 16 8
19 18 19
5 10 15
0 10 7
15 12 7
1 8 1
1 18 11
17 16 6
3 22 11
2 22 13
10 2 15
1 18 13
12 6 14
17 8 5
2 14 6
2 2 7
5 17 9
2 9 16
9 18 14
10 17 11
14 11 12
19 18 1
8 9 9
12 20 19
22 15 0
6 18 7
17 13 9
0 4 18
9 8 8
0 0 20
12 2 6
20 16 3
10 0 6
16 19 11
3 10 17
22 8 3
9 18 14
8 19 2
16 8 13
0 10 8
17 3 20
17 11 10
7 8 3
21 13 2
0 0 20
11 3 19
9 18 8
22 2 22
14 20 20
6 21 15
2 22 13
13 15 17
13 22 16
8 19 2
21 13 2
17 21 0
22 5 1
4 18 3
22 2 22
7 11 0
21 0 2
16 14 0
0 19 5
1 13 11
0 12 10
18 3 16
6 14 15
22 18 2
2 16 8
11 21 20
11 0 8
5 5 2
3 7 4
18 21 5
2 6 22
7 8 3
11 15 16
19 22 11
16 1 5
19 4 1
19 8 7
22 5 1
19 22 11
22 6 22
17 3 18
18 9 10
2 10 11
8 19 5
20 16 16
10 13 0
22 17 9
10 1 11
3 22 11
18 7 10
4 8 17
7 2 8
9 18 8
18 10 19
20 16 3
9 10 11
22 1 6
19 17 21
16 1 5
19 8 10
22 8 6
3 1 13
0 4 18
2 19 5
19 14 1
0 20 7
3 0 21
18 11 12
21 13 2
19 1 20
11 16 8
6 21 22
7 4 6
13 14 9
17 15 8
17 10 9
20 6 9
22 22 20
10 17 11
14 8 15
5 1 5
11 4 14
2 1 9
15 8 22
19 1 5
4 10 19
22 5 21
13 17 22
9 1 10
7 20 2
12 19 7
17 16 6
10 9 9
15 12 19
2 12 6
11 18 6
0 20 7
17 13 3
0 15 4
1 18 5
16 7 13
21 13 2
3 18 19
7 21 0
13 21 14
21 0 16
0 5 3
8 0 19
18 11 12
7 17 14
2 22 13
10 11 14
2 8 18
7 20 20
3 1 16
22 1 2
19 5 22
11 7 12
1 6 2
2 12 10
7 6 15
10 15 20
14 19 1
17 16 6
13 2 17
14 5 15
10 17 11
10 8 22
22 7 9
13 7 14
14 16 21
15 15 14
7 5 6
2 4 3
17 8 5
20 9 13
7 20 20
10 11 14
5 18 2
21 0 16
18 8 20
20 6 9
2 10 11
21 6 1
9 22 4
10 14 12
12 2 8
12 2 19
19 14 1
22 17 7
0 19 5
5 11 6
8 8 5
4 8 17
6 20 6
22 12 21
17 11 10
18 3 5
0 22 0
8 8 5
10 7 21
15 17 13
20 1 21
4 12 3
18 3 5
2 2 12
15 10 22
16 16 17
12 9 17
6 22 3
20 19 1
3 14 14
4 8 17
12 3 6
5 6 2
13 8 18
13 20 21
14 11 12
14 5 11
9 22 4
1 8 4
7 6 15
2 1 0
3 6 5
12 14 13
22 9 8
0 7 14
22 7 9
8 8 5
17 15 8
2 16 2
14 13 16
13 20 21
2 10 21
12 6 14
14 18 7
12 12 9
19 17 20
2 11 16
16 14 0
4 8 17
16 8 13
5 3 18
16 11 9
2 1 9
5 20 19
14 5 16
18 3 5
21 0 16
12 14 13
0 7 14
10 9 0
4 9 10
4 10 19
22 8 9
9 19 13
2 8 18
2 2 12
18 9 10
19 4 18
19 8 7
22 17 4
13 7 14
8 0 19
10 1 11
15 2 16
20 9 22
16 22 11
4 0 8
5 0 21
6 18 7
11 18 6
22 15 0
5 0 15
16 4 10
3 22 11
16 0 1
15 17 13
2 6 22
2 10 4
3 18 19
10 22 22
1 3 15
17 20 13
22 9 19
20 9 22
10 9 9
7 20 2
19 4 1
3 0 21
11 18 10
12 19 7
17 13 9
7 18 2
20 19 1
14 5 16
5 0 21
2 0 11
10 1 11
2 4 5
22 14 7
6 9 0
10 22 22
19 22 11
15 12 7
11 21 20
6 8 4
16 14 0
17 22 2
16 14 18
16 11 9
4 22 12
9 22 4
19 18 1
16 16 17
8 9 9
4 0 8
22 14 14
16 16 17
6 21 0
5 11 6
20 9 22
16 11 9
19 8 10
1 8 6
4 0 6
9 15 2
15 0 17
12 19 7
22 3 12
22 8 6
14 5 16
7 4 6
2 2 12
3 20 4
17 7 8
11 13 7
8 20 22
8 2 7
13 8 18
22 17 5
10 8 15
16 7 13
0 22 15
0 4 4
2 10 14
20 9 22
10 15 15
14 15 8
0 20 7
5 17 9
14 3 18
7 19 9
12 19 7
6 20 6
6 10 8
21 13 2
12 6 14
10 11 14
17 22 2
9 16 10
5 0 15
20 6 17
0 8 12
5 10 15
0 10 8
22 19 18
5 21 4
10 17 11
11 3 21
0 1 4
9 15 2
22 7 10
21 5 5
2 4 3
5 10 8
13 14 9
20 7 4
17 11 10
14 13 16
10 11 14
12 20 19
1 12 10
18 21 5
2 13 3
22 3 15
10 9 9
16 16 10
5 22 19
22 3 12
1 8 6
9 1 10
0 4 18
2 12 10
6 22 4
5 3 18
0 8 20
22 21 4
1 2 11
3 20 6
21 4 17
5 20 19
10 10 14
19 18 1
11 21 18
12 2 3
1 2 11
19 16 7
15 1 15
11 13 7
11 0 8
3 18 19
8 19 17
1 17 4
11 6 13
13 14 9
19 4 18
1 8 6
20 14 7
8 22 12
6 16 5
18 8 22
20 16 3
22 7 10
21 5 5
6 22 4
10 0 6
3 22 11
9 16 10
5 10 8
22 9 13
0 10 8
9 19 13
2 0 11
19 14 1
11 18 10
6 11 10
6 21 15
2 6 1
22 3 12
3 10 17
1 18 11
13 14 17
12 12 10
22 9 19
3 20 4
0 16 1
7 13 21
22 0 13
13 9 2
6 22 4
8 14 22
16 7 13
5 18 0
7 18 2
16 3 3
11 0 8
18 21 22
1 12 17
10 17 11
15 16 9
18 20 22
13 17 19
13 8 18
12 12 9
2 2 19
22 22 20
2 4 3
9 10 11
20 19 1
17 21 0
18 11 10
0 16 1
16 19 17
5 17 9
14 3 18
7 13 21
21 17 18
10 13 0
5 20 19
8 8 17
5 17 9
4 2 18
12 12 10
5 18 0
6 8 4
2 11 3
18 3 16
15 0 17
7 20 20
11 13 7
6 9 0
6 8 12
6 20 6
15 8 0
19 16 7
19 5 1
22 6 17
19 5 7
21 8 15
8 15 12
20 10 10
11 6 19
13 14 17
9 11 7
2 18 21
0 20 1
1 2 11
11 15 16
3 4 21
2 2 12
18 11 22
1 12 10
22 12 10
11 16 14
22 6 17
8 19 5
7 21 0
18 9 10
0 7 14
16 3 3
22 5 1
5 10 8
12 9 17
16 4 10
22 17 9
3 7 4
17 3 18
22 16 16
21 4 17
8 15 12
21 19 16
22 8 3
2 12 6
21 8 22
15 12 19
6 10 8
1 2 11
1 18 5
22 8 6
11 15 16
14 19 1
10 0 6
19 5 19
5 11 6
4 3 13
9 18 14
14 20 3
11 16 8
9 8 8
11 3 19
11 3 21
2 13 3
13 8 18
1 8 6
22 21 4
1 8 1
2 13 8
2 2 19
22 7 10
0 20 1
2 0 11
0 4 4
22 1 2
3 10 17
15 2 13
2 16 2
17 3 18
5 18 2
6 9 21
1 18 5
1 8 11
22 12 21
12 20 19
1 3 7
20 2 17
22 16 16
13 17 19
22 3 15
8 14 22
22 12 10
22 17 7
18 11 12
13 2 17
12 9 17
22 8 6
22 4 14
1 18 5
21 6 21
2 4 5
4 8 7
21 8 15
1 3 7
2 0 11
22 14 14
18 4 12
16 0 1
11 8 13
2 10 4
4 2 18
21 6 1
2 13 8
2 2 7
22 3 12
14 13 0
19 12 13
1 12 17
2 9 16
17 7 8
3 18 19
17 21 0
16 11 16
14 5 11
19 8 15
1 12 12
20 6 9
2 6 14
2 2 12
8 19 2
17 14 21
22 2 22
20 19 1
7 2 8
13 22 16
22 15 0
8 22 12
16 19 11
13 15 6
16 16 17
2 11 12
11 8 13
5 22 19
1 18 11
8 8 5
8 20 22
14 5 16
20 1 21
2 6 14
6 10 8
13 17 22
9 16 19
14 11 12
6 9 0
11 18 10
0 22 1
18 8 20
10 10 14
16 16 10
4 15 5
21 8 22
19 22 11
18 4 12
7 18 2
5 5 2
19 12 13
7 6 16
5 0 15
0 20 1
8 8 17
22 9 8
10 11 14
22 22 12
12 10 11
20 14 7
11 6 19
16 16 10
10 1 11
8 14 22
0 8 20
2 8 2
7 13 21
1 17 4
22 5 1
8 19 2
17 7 8
10 17 11
16 3 3
22 19 14
2 2 7
5 20 19
18 9 10
2 20 17
8 21 4
18 7 10
22 22 12
15 18 3
10 10 14
8 15 12
6 21 12
5 3 18
8 0 19
14 13 0
10 10 14
10 8 22
19 5 1
19 5 1
3 22 11
14 17 10
9 2 17
14 13 16
1 20 1
1 3 15
0 4 18
11 16 8
17 10 9
18 11 22
11 0 8
8 8 17
22 9 13
2 20 17
22 9 19
13 21 14
20 18 3
7 5 6
17 14 21
7 6 16
2 1 9
22 15 0
12 0 21
3 9 16
10 8 22
15 10 22
12 12 9
19 22 11
4 13 8
22 5 21
15 22 5
14 20 20
19 2 0
4 18 3
5 22 19
14 13 22
10 7 21
16 19 11
16 4 0
2 4 5
0 20 1
15 3 8
3 1 9
12 15 5
6 21 22
21 19 16
13 2 17
6 16 5
15 8 22
1 0 18
0 10 8
2 13 3
12 9 17
20 12 20
14 13 0
13 3 21
13 21 14
11 15 16
3 8 19
2 20 17
16 22 11
5 22 19
3 1 9
18 21 22
7 13 21
21 18 13
22 6 22
9 1 10
16 8 13
22 6 22
12 15 17
12 9 17
6 21 22
13 4 1
6 20 6
21 8 15
1 18 5
3 15 21
4 4 5
4 18 3
21 13 2
8 10 2
4 15 15
20 3 4
6 20 6
3 18 19
17 13 0
17 14 21
4 12 3
5 22 3
7 5 11
6 16 5
22 9 8
14 18 7
14 17 10
2 6 22
17 10 2
11 6 13
19 5 7
0 7 14
15 2 3
14 19 1
1 18 11
10 17 11
1 2 11
16 7 13
14 17 10
22 13 14
6 8 4
12 15 17
22 21 4
0 8 12
22 18 2
16 14 0
22 12 21
20 2 9
16 0 1
17 8 5
17 0 13
8 21 4
2 2 10
22 13 14
18 20 22
0 19 5
3 6 5
15 22 5
12 6 14
12 10 11
4 15 15
16 4 0
15 10 22
2 10 11
14 5 11
20 2 9
2 6 1
20 12 20
21 22 4
21 14 13
0 19 5
22 7 9
16 7 13
11 11 20
6 21 22
4 15 15
19 2 0
22 22 20
4 3 13
0 6 9
2 20 20
11 12 9
18 11 12
10 7 8
9 22 4
6 9 0
15 22 5
8 20 22
20 16 16
1 8 11
10 7 21
19 5 7
21 8 22
15 8 22
17 10 13
9 21 17
11 21 20
22 14 7
1 20 1
6 21 15
17 20 13
6 21 12
5 5 2
0 22 15
22 14 14
16 20 20
6 6 7
0 8 20
6 22 4
4 22 12
9 16 19
5 6 2
8 17 19
9 8 8
19 17 21
21 0 2
15 18 3
18 11 22
4 0 8
7 21 0
22 3 12
5 5 2
15 15 14
2 10 11
22 6 17
7 6 15
15 2 3
19 5 22
0 20 1
18 8 19
19 14 1
16 0 1
0 8 20
7 21 6
22 15 0
15 2 3
1 17 4
10 1 2
20 7 18
3 4 21
18 21 22
13 1 12
0 12 10
20 3 11
17 21 0
17 21 0
8 9 9
22 19 14
3 1 16
4 0 8
1 18 5
11 12 9
5 10 15
8 8 5
22 18 2
7 20 20
6 18 7
22 10 12
8 9 9
1 18 13
16 13 17
18 20 22
17 14 21
15 2 3
0 4 4
16 16 17
14 13 22
17 10 2
11 0 8
4 4 18
20 9 22
21 22 4
19 17 20
11 5 0
6 8 12
21 21 9
22 22 12
12 2 3
22 6 17
14 3 18
0 10 8
7 5 6
22 19 18
8 19 2
3 1 9
10 1 11
2 17 0
22 18 19
5 11 6
11 6 13
15 16 15
14 13 14
2 11 16
10 2 15
16 11 16
3 6 7
0 19 5
16 16 10
17 7 1
19 4 18
15 2 13
8 4 5
14 5 7
13 4 1
19 12 13
21 19 11
2 10 4
16 4 10
21 14 13
14 8 4
16 1 5
2 2 7
15 12 3
15 12 3
20 14 7
21 12 1
10 0 6
18 10 19
17 10 2
10 17 11
8 14 22
2 16 2
17 7 8
16 13 17
14 17 10
9 18 14
3 6 7
11 19 18
9 1 10
0 15 4
11 4 15
4 18 3
22 15 0
8 15 12
6 10 8
5 3 18
17 3 18
0 21 8
21 19 16
20 8 1
2 10 11
7 13 3
22 1 6
13 14 22
20 16 16
19 4 1
2 13 3
5 8 21
19 1 5
19 8 10
6 8 4
4 8 17
2 2 19
18 11 22
2 19 5
22 8 9
21 8 22
22 8 3
1 17 18
3 15 21
22 16 16
20 3 4
0 1 4
7 6 15
22 22 12
10 8 22
4 5 0
4 8 7
11 4 14
11 0 8
2 9 20
18 4 12
4 8 17
21 0 2
5 16 10
22 12 21
1 8 11
6 21 15
0 22 0
20 3 11
20 7 18
0 0 20
5 17 9
2 12 10
6 22 4
22 5 1
15 12 7
6 9 0
22 10 12
14 17 10
4 15 5
17 13 9
14 17 10
15 3 8
1 18 5
16 7 13
9 12 22
17 20 13
22 3 15
12 20 19
22 5 21
8 10 2
5 11 6
11 16 14
0 10 8
22 7 9
9 9 12
2 10 21
2 3 5
22 17 4
20 18 3
15 0 17
11 16 14
3 0 21
18 8 22
22 9 8
12 15 17
18 8 19
8 19 20
6 8 4
11 12 9
22 2 22
3 20 6
9 4 18
1 3 7
12 9 17
8 14 22
6 21 12
13 4 1
9 1 10
9 21 17
20 12 20
8 17 19
19 4 18
11 6 13
17 13 0
16 11 9
22 1 6
9 10 11
6 6 7
0 0 20
21 4 17
3 22 11
3 0 21
19 15 20
14 9 18
2 6 14
20 1 21
6 8 4
4 9 10
1 20 1
12 21 16
11 16 14
6 22 4
10 0 11
8 8 5
22 3 12
18 11 22
16 11 9
20 1 21
0 19 5
22 5 21
12 3 6
4 0 6
0 16 1
15 12 3
2 11 16
16 3 3
1 13 11
2 7 13
1 0 18
14 20 3
16 1 5
20 16 3
16 1 5
2 6 22
4 15 15
3 7 4
12 6 7
2 15 4
10 0 11
12 10 11
22 10 12
1 18 13
21 19 11
7 8 3
20 3 11
0 22 0
2 16 8
22 14 7
16 19 11
10 8 22
10 10 14
14 8 15
2 20 17
14 19 1
3 1 13
7 11 18
22 8 3
19 15 20
12 12 9
5 22 11
0 12 10
20 2 17
22 9 13
15 17 13
11 13 7
12 14 13
5 11 6
4 8 17
3 4 21
22 4 14
17 7 1
7 11 0
15 1 15
21 14 13
0 7 14
7 6 15
22 19 14
15 13 20
16 14 18
14 9 18
21 0 16
10 9 0
9 21 17
18 10 19
4 4 18
12 15 5
22 17 5
2 21 15
0 12 10
13 14 20
2 3 5
5 11 6
15 22 5
2 16 2
2 1 9
2 6 1
7 18 2
8 19 2
0 10 8
4 2 18
2 13 3
1 17 18
14 9 18
0 21 8
14 18 7
13 7 18
3 20 6
4 5 0
6 14 15
12 2 8
14 5 15
9 10 11
18 11 22
21 8 15
9 9 12
0 15 4
22 16 16
2 11 12
8 4 5
9 19 13
5 21 4
4 9 10
22 7 9
9 12 15
17 15 8
11 18 6
6 18 7
2 16 2
19 18 19
11 8 13
7 8 3
22 15 0
6 8 4
7 4 6
16 3 3
8 8 5
7 3 6
21 6 1
7 6 16
15 18 3
0 0 20
4 12 3
22 17 4
6 21 12
18 8 22
8 4 5
17 8 5
11 6 13
1 17 4
8 16 22
9 22 4
3 15 21
7 21 6
6 8 4
16 19 17
1 3 7
16 13 17
22 8 6
5 20 19
6 8 4
2 7 13
2 14 6
9 11 7
1 8 11
22 17 5
16 22 11
12 2 8
18 10 19
11 18 10
14 3 18
2 2 19
11 18 10
7 20 2
22 22 12
1 12 10
13 7 18
22 9 8
7 19 9
16 8 13
22 20 11
18 7 10
21 19 16
21 1 0
3 8 16
11 7 12
17 3 18
7 6 16
8 8 17
12 3 6
3 15 21
3 19 15
16 4 10
22 11 5
18 11 10
9 11 12
17 0 13
22 15 0
10 15 20
22 10 12
9 10 11
4 1 4
10 13 0
21 8 15
21 19 11
3 14 14
5 8 21
18 21 5
22 12 10
20 3 4
4 21 12
13 17 19
15 17 13
6 14 15
10 17 11
2 12 6
16 0 1
3 1 13
1 0 18
2 8 18
17 3 18
21 8 22
9 19 13
1 20 1
2 11 16
20 6 17
19 1 20
21 13 2
3 5 14
14 20 3
4 15 15
11 18 6
21 21 9
21 18 13
20 16 3
19 17 20
0 8 20
3 1 9
15 8 0
2 10 21
16 0 1
10 15 20
11 18 10
12 2 8
8 4 5
22 17 5
8 20 22
11 18 6
18 20 22
14 20 20
5 6 17
9 4 18
0 12 10
3 1 16
16 16 10
5 6 17
5 0 21
22 5 21
19 8 10
4 10 19
22 0 13
22 17 4
7 5 6
18 3 16
14 18 7
6 6 7
8 11 8
4 2 18
20 3 4
11 3 19
21 18 13
10 0 6
0 10 7
4 15 5
11 16 8
20 8 1
4 22 12
11 11 20
5 6 17
15 2 3
15 10 22
0 22 15
12 2 19
6 22 4
0 22 15
4 10 19
20 6 17
9 4 21
16 11 9
22 14 14
1 0 18
21 21 9
2 22 13
15 3 8
11 18 10
16 14 0
19 17 20
2 7 20
11 18 10
1 20 1
21 6 21
1 18 11
7 18 2
13 4 1
15 8 0
14 11 12
4 15 5
5 21 4
1 2 11
22 17 4
3 22 11
2 20 17
13 15 6
8 21 4
13 9 2
7 8 3
20 8 1
14 8 9
21 6 21
4 3 13
11 8 13
18 7 10
18 21 5
8 19 20
22 10 12
12 14 18
17 10 9
10 9 9
18 5 2
21 0 2
10 17 11
3 19 15
21 19 11
20 16 3
15 12 3
2 2 7
5 11 6
14 13 0
11 21 20
5 8 21
5 0 21
3 19 15
22 5 1
18 10 19
2 6 22
12 17 16
14 18 7
21 6 21
22 1 6
2 6 14
10 15 20
20 3 4
4 0 16
17 9 21
17 22 2
16 19 17
3 8 19
22 17 5
22 10 12
19 18 1
2 19 5
7 11 0
5 8 21
6 17 1
14 13 0
0 20 7
4 8 17
2 12 6
19 17 20
18 10 19
16 16 17
7 17 14
12 9 17
2 12 6
2 11 16
10 17 11
2 2 19
18 3 5
20 9 22
2 4 5
17 21 0
20 9 22
21 6 21
16 8 13
5 3 18
15 12 7
17 3 20
9 16 13
6 21 12
22 3 12
9 16 13
7 21 6
7 20 20
17 3 18
19 18 19
4 1 4
3 1 13
2 12 10
14 8 15
20 19 18
22 12 10
19 4 18
9 15 2
13 14 9
6 9 12
6 20 6
10 2 15
12 14 18
14 8 9
2 10 14
20 6 17
7 5 11
2 20 17
4 2 18
8 10 2
15 12 19
17 14 9
6 17 1
14 16 21
2 8 2
0 8 12
21 4 17
9 4 18
15 8 0
2 18 21
14 19 1
2 16 2
13 22 16
7 18 2
11 18 6
4 5 0
2 2 19
10 11 14
13 3 21
16 11 6
17 8 5
13 14 9
2 4 5
6 21 15
10 8 15
15 2 3
7 13 21
6 20 6
8 0 19
16 20 20
6 10 8
13 0 16
0 5 3
8 19 2
6 11 10
14 8 4
6 9 12
13 2 17
9 16 19
8 19 2
21 21 9
22 21 4
0 16 1
0 12 10
4 15 15
10 13 0
16 4 10
22 17 4
18 21 22
4 8 17
11 6 13
21 18 13
7 11 18
11 3 19
11 5 0
21 22 4
1 3 7
20 14 7
17 21 0
15 13 20
10 17 11
16 12 14
11 6 13
12 8 4
9 12 15
4 12 3
10 22 22
2 8 2
19 5 19
6 22 4
0 6 9
1 2 11
6 14 15
0 5 3
2 7 20
18 15 22
17 13 0
0 6 9
9 16 13
19 1 20
12 9 17
11 15 16
13 9 2
10 1 2
20 7 18
22 5 21
8 21 4
11 15 16
22 21 4
0 4 4
2 2 19
5 21 4
2 16 8
11 16 14
5 18 2
16 12 14
16 1 5
22 8 6
16 8 14
12 15 17
20 6 17
17 10 9
17 16 6
17 7 1
8 16 22
4 5 0
1 8 11
11 4 14
2 16 8
4 2 18
16 13 17
22 7 3
9 4 18
20 3 4
15 12 3
3 5 14
6 10 8
1 18 11
4 10 19
16 12 14
17 22 2
19 22 11
22 7 10
2 16 8
1 6 2
0 6 9
1 13 11
12 10 11
6 8 4
10 13 0
8 11 8
0 22 15
11 16 14
15 0 17
19 15 20
1 19 15
8 16 22
6 8 12
11 12 9
8 19 20
21 6 21
22 15 0
1 19 15
22 13 14
0 6 9
9 15 3
12 14 18
6 9 12
1 3 7
16 13 17
8 21 4
9 9 12
1 18 13
1 13 14
14 19 1
2 0 11
2 11 16
12 6 7
3 6 5
22 3 12
5 17 9
10 11 6
12 0 21
2 6 1
22 21 4
12 21 16
11 7 12
22 8 9
1 17 18
18 3 5
8 0 19
15 0 17
6 9 12
3 18 19
4 4 5
12 12 10
0 4 18
22 9 8
3 1 9
6 9 12
3 8 19
2 14 6
2 3 5
8 15 12
2 3 5
21 6 1
16 1 5
13 14 9
1 3 15
22 5 21
22 22 12
18 3 16
3 1 16
20 16 16
2 14 6
0 15 4
2 20 20
15 22 5
8 4 5
22 12 10
5 11 6
12 6 14
18 10 19
5 6 17
1 3 7
9 8 8
0 15 4
10 0 11
2 1 0
21 13 2
16 4 10
17 15 8
17 14 21
15 8 22
1 17 18
17 10 13
9 16 19
9 10 11
21 18 13
2 1 0
14 9 18
20 16 3
7 20 20
3 7 4
22 9 13
14 13 14
0 21 8
21 0 16
3 14 14
14 8 4
8 15 12
14 20 3
5 22 3
18 21 22
6 9 12
11 5 0
3 6 5
2 20 17
2 2 7
7 21 6
2 2 12
15 10 22
17 11 10
22 0 13
2 19 19
6 16 5
9 9 12
6 8 12
10 7 21
14 17 10
7 21 0
7 5 11
2 4 3
4 4 5
17 15 8
15 16 15
5 3 18
6 8 4
1 18 5
20 9 13
14 5 15
2 12 6
2 3 5
5 22 19
7 4 6
22 1 6
22 7 9
13 7 14
15 3 19
19 12 13
20 10 10
2 11 3
4 3 13
6 10 8
5 18 0
16 1 5
22 12 10
21 21 11
3 18 19
0 15 4
11 5 0
3 18 19
15 17 13
9 18 14
14 3 18
17 15 8
2 4 3
17 15 8
11 5 0
17 3 18
17 3 20
21 13 2
2 2 19
15 13 20
2 13 3
7 20 20
14 8 4
3 5 14
21 0 2
8 14 22
17 3 18
16 14 0
11 13 7
7 20 2
8 14 22
15 16 9
5 11 6
2 15 4
14 8 15
9 15 2
4 10 19
4 12 3
17 13 9
19 17 21
9 11 7
1 12 17
15 0 17
4 8 7
20 6 9
5 17 9
21 21 11
22 12 21
6 8 12
6 8 4
4 21 12
9 4 18
17 13 3
16 8 14
4 0 8
7 2 8
13 22 16
6 14 15
1 12 12
14 18 7
22 12 21
22 6 17
22 19 14
3 18 19
16 8 13
18 8 19
15 3 8
0 21 8
18 4 12
20 16 3
7 11 18
18 9 12
2 22 13
7 11 0
10 2 15
10 7 21
7 13 3
0 16 1
8 19 5
22 16 16
5 20 19
8 11 8
4 4 18
3 1 16
9 4 18
2 16 8
15 8 0
18 7 10
20 7 4
4 1 4
10 22 22
2 7 20
20 19 1
20 2 9
3 1 13
22 17 4
13 3 21
3 14 14
4 14 20
5 22 3
10 15 20
0 12 10
21 18 13
5 10 8
6 9 0
6 21 22
8 16 22
7 3 6
3 4 21
17 20 13
5 0 15
12 21 16
22 15 0
21 0 2
18 11 10
14 8 15
22 1 2
5 0 1
7 3 6
15 2 13
6 8 4
2 21 15
6 21 12
6 20 6
1 17 18
16 12 14
2 10 11
8 21 4
17 0 13
16 4 0
12 20 19
13 2 17
14 15 8
2 14 6
15 12 7
13 14 9
3 4 21
12 2 3
10 1 2
15 17 13
17 13 3
6 9 12
1 12 17
1 6 2
0 15 4
13 1 12
12 2 19
3 7 4
10 0 11
14 18 7
7 18 2
22 6 22
21 19 11
13 7 18
2 20 17
17 3 20
22 9 19
20 1 3
0 22 15
11 21 20
22 0 13
5 16 10
8 8 17
11 16 8
2 11 12
4 12 3
6 11 10
12 15 17
18 11 22
18 8 22
4 15 15
0 22 1
17 21 0
2 19 19
16 19 17
2 21 15
5 20 19
2 9 20
22 18 2
11 16 14
10 0 6
21 21 11
10 11 14
17 22 2
20 2 9
15 0 17
5 16 10
17 10 2
15 15 14
11 3 19
1 8 6
10 2 15
0 4 18
10 10 14
15 16 9
21 19 16
0 15 4
20 1 3
13 7 18
13 3 21
19 16 7
15 2 3
11 0 8
19 2 0
13 4 1
2 14 6
6 21 12
2 2 19
15 2 13
21 19 11
13 21 14
10 11 6
2 2 10
15 3 8
17 13 9
2 13 8
22 18 2
18 3 5
11 15 16
1 3 7
9 12 22
22 6 17
22 5 21
6 18 7
3 22 11
14 8 4
11 18 6
10 9 9
17 22 2
4 15 5
10 8 22
10 11 6
19 22 11
22 17 9
9 19 13
21 5 5
19 18 1
16 4 10
16 14 18
13 17 19
5 3 18
7 5 0
20 8 1
0 10 8
12 15 17
9 9 12
10 9 0
9 22 4
2 6 22
19 1 5
13 14 20
17 3 18
19 4 1
22 8 9
1 18 5
20 7 4
22 5 1
22 0 13
2 0 11
21 6 1
3 6 7
7 21 6
10 8 22
11 4 14
0 6 9
18 8 19
16 19 11
13 22 16
16 16 10
19 1 20
0 10 8
3 4 21
6 20 6
20 19 18
10 8 15
5 5 2
15 18 3
1 12 10
9 1 10
1 8 11
4 10 19
9 4 21
5 18 0
20 18 3
22 1 6
9 8 8
7 5 0
6 11 10
15 12 3
2 14 6
14 8 15
7 5 11
22 0 13
3 8 19
6 9 21
1 13 14
5 5 2
22 15 0
10 9 0
2 21 15
9 9 12
8 10 2
3 7 4
10 2 15
2 2 12
6 20 6
16 14 18
8 17 19
15 12 7
8 14 22
11 3 21
19 2 0
21 18 13
22 17 9
22 1 2
14 5 15
5 0 1
2 2 12
3 6 7
12 2 6
19 17 20
8 19 20
6 21 22
22 22 12
6 21 12
12 2 8
2 2 10
6 20 6
22 1 2
4 15 5
0 10 8
11 5 0
22 5 1
14 5 11
7 20 2
6 11 10
19 5 7
8 14 22
5 6 17
13 7 18
13 1 12
7 11 0
9 12 22
12 9 17
9 15 3
12 12 9
22 18 19
11 6 19
9 16 13
22 16 16
22 7 9
21 22 4
7 8 3
0 8 12
11 11 20
9 15 3
2 12 10
5 3 18
14 13 0
21 13 17
16 20 20
6 14 15
5 0 15
0 20 1
20 6 9
16 12 14
21 12 1
3 19 15
13 15 6
8 9 9
3 18 19
8 8 17
0 4 18
13 14 17
8 0 19
16 11 16
1 18 11
5 22 19
6 22 4
1 8 6
18 8 19
14 5 7
7 6 16
22 10 12
22 12 10
11 4 15
22 2 22
10 7 21
5 8 21
20 7 4
13 15 17
11 13 7
4 5 0
8 9 9
15 1 15
18 10 19
14 13 0
2 6 14
12 9 17
18 11 12
8 0 19
22 15 0
21 19 16
9 4 18
13 14 20
8 22 12
19 5 22
3 10 17
4 0 8
15 3 8
18 5 2
13 9 2
22 8 9
0 15 4
17 7 8
19 4 1
18 11 22
5 6 2
20 16 16
19 8 7
21 1 0
0 22 1
7 3 6
12 14 13
13 14 22
14 8 4
22 3 15
7 20 2
2 12 10
0 1 4
14 8 4
5 6 2
17 7 1
14 19 1
13 15 6
0 20 1
0 10 8
6 8 12
0 22 0
17 13 0
19 5 7
17 7 8
22 2 22
5 0 21
14 13 14
21 22 4
8 8 17
4 0 6
0 6 9
2 16 8
1 18 11
0 0 20
9 10 11
14 8 15
19 17 21
3 9 16
13 2 17
22 1 2
9 18 8
18 10 19
22 7 3
8 19 2
17 3 20
4 4 18
7 21 0
22 3 12
12 20 19
21 5 5
22 19 18
2 17 0
13 14 9
22 19 18
1 3 7
2 10 21
19 5 19
16 13 17
22 12 21
20 9 22
19 14 1
3 8 16
2 12 6
8 19 2
2 2 19
17 22 2
15 1 15
8 2 7
20 10 10
14 8 15
10 8 15
8 10 2
1 19 15
7 18 2
8 21 4
22 4 14
1 18 5
14 8 9
22 19 18
12 6 14
6 22 4
17 0 13
22 3 15
20 19 1
22 15 0
5 0 1
8 0 19
13 8 18
1 3 15
2 1 9
22 14 14
21 19 16
13 22 16
6 21 15
16 4 0
19 8 7
8 19 20
17 9 21
18 10 19
0 6 9
16 0 1
17 3 18
21 1 0
12 20 19
17 3 20
1 3 15
1 13 14
4 12 3
14 15 8
9 12 15
0 10 7
16 16 17
12 3 6
16 8 14
12 2 6
21 5 5
22 7 3
2 10 4
3 6 5
5 0 15
8 14 22
6 20 6
22 5 1
5 5 2
2 7 20
22 5 1
20 19 18
11 3 19
12 10 11
10 22 22
1 8 11
3 1 13
2 12 10
13 7 14
8 7 9
22 11 5
19 8 15
2 16 2
4 12 3
11 15 16
2 13 8
11 8 13
11 18 10
14 3 18
4 4 18
9 1 10
10 17 11
20 16 3
22 22 20
19 8 15
11 6 13
13 3 21
18 9 12
22 13 14
5 0 15
15 2 3
20 7 4
20 12 20
4 14 20
12 3 6
11 21 18
2 3 5
8 4 5
17 8 5
19 8 15
16 12 14
22 6 17
0 19 5
4 8 17
16 0 1
19 17 20
19 8 10
17 13 0
1 12 12
7 4 6
17 8 5
11 15 16
20 16 3
6 21 22
10 17 11
12 15 5
19 2 0
0 4 4
2 20 20
17 0 13
4 14 20
21 1 0
0 0 20
7 18 2
18 9 10
19 1 5
16 3 3
22 12 21
14 18 7
6 9 0
7 2 8
9 19 13
22 22 20
9 12 15
5 21 4
18 10 19
12 21 16
16 12 14
0 22 15
20 16 16
5 20 19
11 18 6
4 4 5
5 22 3
8 19 5
2 22 13
20 16 16
11 3 21
21 14 13
16 22 11
10 9 9
19 8 7
12 15 17
20 12 20
18 15 22
7 2 8
12 12 10
19 5 1
22 8 3
21 19 11
17 20 13
16 14 18
6 8 12
20 2 9
20 9 22
17 20 13
20 8 1
1 17 4
14 8 15
9 12 15
15 2 13
19 18 1
2 16 2
12 12 9
22 5 1
14 13 22
5 20 19
5 22 11
13 8 18
20 19 1
13 7 14
18 10 19
2 14 6
14 13 22
5 5 2
20 6 9
7 20 20
21 21 9
4 21 12
20 7 18
9 4 21
7 4 6
8 8 5
18 15 22
6 11 10
7 5 11
5 20 19
11 4 14
12 9 17
8 0 19
21 13 17
15 3 8
6 20 6
6 14 15
10 8 15
6 20 6
22 7 10
0 16 1
6 9 21
9 2 17
4 5 0
4 3 13
8 8 17
16 20 20
21 8 15
7 2 8
10 17 11
22 6 22
2 15 4
2 11 3
18 21 5
5 8 21
12 12 9
6 10 8
21 13 17
15 13 20
7 4 6
9 10 11
12 2 3
1 12 12
15 3 8
22 12 10
22 10 12
7 21 6
12 2 19
17 0 13
4 1 4
9 15 3
10 11 14
16 16 10
18 11 12
21 0 16
15 3 19
8 11 8
18 5 2
16 8 13
15 15 14
4 10 19
18 7 7
1 20 1
15 12 16
14 13 16
7 13 21
10 0 6
10 9 9
1 18 13
15 15 14
0 22 15
12 17 16
12 2 6
3 1 13
22 0 13
1 8 11
9 16 13
20 16 3
10 0 6
11 18 6
0 6 9
1 13 11
2 5 1
5 17 9
4 0 16
17 3 18
7 20 20
11 21 20
7 13 21
13 22 16
13 8 18
3 6 5
20 7 18
5 10 15
10 10 14
12 12 9
6 21 15
9 4 18
10 0 11
22 9 8
6 11 10
3 7 8
13 14 22
22 3 15
2 7 20
2 9 20
17 7 8
6 22 3
14 9 18
2 2 12
3 5 14
8 20 22
9 16 10
20 1 3
6 20 6
15 16 9
20 3 4
17 14 9
11 18 10
11 12 9
9 15 3
12 14 13
11 16 8
16 19 17
18 8 20
2 6 22
12 3 6
8 20 22
0 6 9
4 2 18
3 15 21
14 13 14
16 11 9
8 2 7
15 8 22
21 8 22
10 7 8
21 0 2
11 16 8
10 22 22
21 18 13
4 9 10
16 13 17
4 18 3
11 18 6
1 8 6
18 11 12
13 21 14
14 3 18
3 0 21
9 15 2
2 20 17
17 21 0
18 8 19
0 20 7
13 14 17
10 22 22
2 11 3
18 8 20
19 4 1
10 17 11
2 20 17
21 5 5
1 2 11
16 11 6
22 22 20
2 1 9
0 22 0
12 9 17
13 15 17
10 1 2
0 4 4
9 15 2
19 2 0
1 0 18
5 18 0
1 6 2
17 15 8
18 3 16
6 14 15
20 16 16
7 5 6
5 0 21
19 17 20
19 1 5
8 9 9
21 13 2
19 5 19
22 18 2
1 19 15
22 7 3
3 8 19
9 15 2
10 9 9
22 15 0
4 1 4
8 8 5
17 14 9
0 4 4
10 10 14
16 11 6
22 5 1
5 1 5
20 6 9
21 0 16
8 8 17
2 11 12
3 19 15
9 16 10
16 3 3
2 19 19
0 15 4
22 17 9
22 7 10
3 20 6
4 8 17
18 7 10
15 18 3
21 5 5
6 21 0
6 8 4
17 7 8
3 9 16
20 16 3
12 14 13
6 22 4
7 20 2
21 0 16
20 3 11
8 8 5
6 8 4
9 1 10
19 18 1
16 8 13
17 21 0
2 9 16
7 11 0
7 13 3
6 18 7
21 17 18
3 20 6
1 12 10
1 20 1
15 2 16
9 11 12
5 10 15
11 4 14
16 19 11
17 10 9
5 0 1
8 2 7
2 1 9
21 17 18
6 8 4
22 4 14
5 1 5
8 15 12
21 5 5
14 17 10
8 2 7
14 15 8
20 14 7
10 11 6
22 9 13
2 10 21
0 10 7
1 17 4
22 22 20
11 18 6
0 22 1
20 7 4
2 7 20
17 7 8
22 17 5
2 18 21
0 21 8
14 20 3
14 17 10
5 18 2
11 15 16
20 7 4
22 16 16
21 6 1
19 16 7
2 15 4
19 16 7
15 10 22
6 21 12
0 7 14
5 10 8
15 2 13
6 17 1
21 19 11
22 7 3
19 5 22
3 0 21
22 11 5
21 13 2
22 15 0
11 12 9
15 3 8
10 10 14
15 13 20
12 2 3
11 8 13
18 10 19
10 11 14
3 22 11
2 10 4
7 4 6
21 17 18
2 19 5
21 22 4
7 8 3
2 20 17
3 22 11
5 6 17
8 19 20
4 21 12
13 20 21
19 8 7
11 4 15
15 2 13
22 5 21
0 8 20
17 22 2
16 8 14
7 19 9
2 12 6
14 8 4
11 19 18
21 13 2
2 10 21
6 9 12
11 8 13
6 9 21
0 12 10
14 16 21
9 11 7
2 17 0
15 1 15
20 2 9
4 1 4
21 19 16
3 8 16
13 14 17
14 20 20
3 4 21
22 12 21
11 4 14
9 21 17
5 11 6
3 19 15
13 1 12
8 21 4
2 2 19
9 4 21
21 4 17
19 8 10
22 4 8
16 0 1
22 18 2
6 18 7
3 14 14
9 8 8
16 16 17
7 20 20
13 22 16
11 18 6
22 5 1
20 3 11
18 10 19
20 1 3
22 22 12
19 14 1
21 6 1
16 0 1
15 3 19
18 8 20
6 21 12
2 14 6
20 6 9
9 12 22
21 8 15
11 5 0
1 3 15
7 11 18
2 12 6
2 0 11
6 20 6
2 8 2
12 14 18
12 19 7
9 4 18
12 0 21
4 8 17
4 0 6
14 20 3
22 10 12
16 11 9
22 6 17
15 2 3
22 8 6
0 15 4
18 10 19
4 14 20
13 14 22
10 22 22
3 15 21
2 11 3
13 2 17
15 2 13
2 1 0
14 18 7
