30509 23331 -2467940
30509 23331 -1976407
30509 23331 -1485716
30509 23331 -1402624
30509 23331 -1346563
30509 23331 -1287623
30509 23331 -1201034
30509 23331 -958244
30509 23331 -893812
30509 23331 946142
30509 23331 1041422
30509 23331 1068513
30509 23331 1187933
30509 23331 1401865
30509 23331 1402859
30509 23331 1454262
30509 23331 1554144
30509 23331 1596888
30509 23331 2118113
30509 23331 2428955
30529 17474 -2425263
30529 17474 -2396132
30529 17474 -2200183
30529 17474 -2146289
30529 17474 -2124021
30529 17474 -2069940
30529 17474 -1727527
30529 17474 -1673056
30529 17474 -1481566
30529 17474 -1283928
30529 17474 -997509
30529 17474 882789
30529 17474 933171
30529 17474 1096698
30529 17474 1302071
30529 17474 1309913
30529 17474 1316125
30529 17474 1362303
30529 17474 1395579
30529 17474 1496702
30529 17474 1505035
30529 17474 1510965
30529 17474 1606587
30529 17474 1710837
30529 17474 1766366
30529 17474 1775595
30529 17474 2003267
30529 17474 2044761
30529 17474 2071822
30529 17474 2164994
30529 17474 2245039
30529 17474 2337853
30529 17474 2443297
30553 5927 -2433244
30553 5927 -2015211
30553 5927 -1996137
30553 5927 -1732356
30553 5927 -1465035
30553 5927 -1411356
30553 5927 -1269037
30553 5927 -1158181
30553 5927 -1138898
30553 5927 -1113799
30553 5927 -1111458
30553 5927 1135838
30553 5927 1272066
30553 5927 1488729
30553 5927 1872124
30553 5927 1913651
30553 5927 2138887
30553 5927 2281174
30553 5927 2452865
30553 5927 2473415
30557 22555 -2192506
30557 22555 -2168603
30557 22555 -2077711
30557 22555 -2031576
30557 22555 -1839745
30557 22555 -1731492
30557 22555 -1635478
30557 22555 -1427503
30557 22555 -1184304
30557 22555 -1180361
30557 22555 -1173678
30557 22555 -1141644
30557 22555 -1107758
30557 22555 719247
30557 22555 844321
30557 22555 1023897
30557 22555 1229832
30557 22555 1336308
30557 22555 1489279
30557 22555 1584961
30557 22555 1681211
30557 22555 2014595
30557 22555 2187379
30557 22555 2355894
30557 22555 2473454
30557 22555 2509063
30557 22555 2541029
30559 20510 -2552602
30559 20510 -2394326
30559 20510 -2222514
30559 20510 -1950961
30559 20510 -1901414
30559 20510 -1801048
30559 20510 -1724418
30559 20510 -1696322
30559 20510 -1545659
30559 20510 -1479426
30559 20510 -1422475
30559 20510 -1241246
30559 20510 -1213319
30559 20510 -1177258
30559 20510 -858611
30559 20510 1027183
30559 20510 1367416
30559 20510 1384228
30559 20510 1770496
30559 20510 1915276
30559 20510 2018863
30559 20510 2056504
30559 20510 2254772
30559 20510 2309611
30559 20510 2319195
30559 20510 2342054
30559 20510 2497625
30577 14091 -2529502
30577 14091 -2173209
30577 14091 -2102565
30577 14091 -1892839
30577 14091 -1611766
30577 14091 -1540806
30577 14091 -1533925
30577 14091 -1469835
30577 14091 -1431239
30577 14091 -1393185
30577 14091 -1328538
30577 14091 -1260402
30577 14091 916133
30577 14091 1156819
30577 14091 1274205
30577 14091 1284087
30577 14091 1292588
30577 14091 1360278
30577 14091 1438097
30577 14091 1621583
30577 14091 1673926
30577 14091 1691625
30577 14091 1744746
30577 14091 2006090
30593 16549 -2393672
30593 16549 -2275995
30593 16549 -2247199
30593 16549 -2095675
30593 16549 -1987169
30593 16549 -1654358
30593 16549 -1434361
30593 16549 -1391105
30593 16549 -1388330
30593 16549 -1342176
30593 16549 -1293434
30593 16549 -1214245
30593 16549 -1121147
30593 16549 -1061627
30593 16549 1005268
30593 16549 1401165
30593 16549 1482835
30593 16549 1593524
30593 16549 1648156
30593 16549 1649568
30593 16549 1663993
30593 16549 1762542
30593 16549 1877551
30593 16549 2193462
30593 16549 2317046
30593 16549 2383689
30593 16549 2424708
30593 16549 2426364
30593 16549 2483046
30593 20004 -2548365
30593 20004 -2508189
30593 20004 -2379346
30593 20004 -2312463
30593 20004 -2305190
30593 20004 -2197569
30593 20004 -2161793
30593 20004 -1897127
30593 20004 -1677130
30593 20004 -1635791
30593 20004 -1559852
30593 20004 -1559717
30593 20004 -1548758
30593 20004 -1380876
30593 20004 -1294012
30593 20004 -1274365
30593 20004 -1220587
30593 20004 -1078068
30593 20004 -982024
30593 20004 -964736
30593 20004 -955417
30593 20004 1009284
30593 20004 1023782
30593 20004 1037551
30593 20004 1265426
30593 20004 1433582
30593 20004 1500058
30593 20004 1550292
30593 20004 1699128
30593 20004 1776523
30593 20004 2007496
30593 20004 2094954
30593 20004 2152210
30593 20004 2166872
30593 20004 2337939
30593 20004 2415664
30593 20004 2457556
30593 20004 2508524
30593 20004 2548436
30593 24977 -2522172
30593 24977 -2483834
30593 24977 -2473678
30593 24977 -2365201
30593 24977 -2326961
30593 24977 -2091677
30593 24977 -1925695
30593 24977 -1919172
30593 24977 -1890747
30593 24977 -1832381
30593 24977 -1761162
30593 24977 -1746805
30593 24977 -1717263
30593 24977 -1547316
30593 24977 -1398552
30593 24977 -1363871
30593 24977 -1203995
30593 24977 -1022609
30593 24977 1006367
30593 24977 1225818
30593 24977 1417784
30593 24977 1439316
30593 24977 1450806
30593 24977 1463550
30593 24977 1475399
30593 24977 1479870
30593 24977 1562841
30593 24977 1687402
30593 24977 1688081
30593 24977 1865627
30593 24977 1871075
30593 24977 1883623
30593 24977 1981803
30593 24977 2202724
30593 24977 2246077
30593 24977 2315290
30637 10845 -2486665
30637 10845 -2153573
30637 10845 -2095347
30637 10845 -1920513
30637 10845 -1889591
30637 10845 -1439996
30637 10845 -1427471
30637 10845 -897687
30637 10845 -826928
30637 10845 896868
30637 10845 996793
30637 10845 999353
30637 10845 1108872
30637 10845 1121618
30637 10845 1168570
30637 10845 1180655
30637 10845 1258816
30637 10845 1273563
30637 10845 1305112
30637 10845 1435654
30637 10845 1440546
30637 10845 1556606
30637 10845 1583762
30637 10845 1649332
30637 10845 1664005
30637 10845 1744457
30637 10845 1796666
30637 10845 1903959
30637 10845 1935497
30637 10845 1959832
30637 10845 1986122
30637 10845 2205662
30637 10845 2206110
30637 10845 2499707
30637 20822 -2290138
30637 20822 -2124984
30637 20822 -2089644
30637 20822 -1802082
30637 20822 -1628999
30637 20822 -1483996
30637 20822 -1377823
30637 20822 -1340827
30637 20822 -1302132
30637 20822 -1277027
30637 20822 -1260474
30637 20822 -1237266
30637 20822 -1051660
30637 20822 -999787
30637 20822 982725
30637 20822 1071702
30637 20822 1177865
30637 20822 1223082
30637 20822 1420377
30637 20822 1501232
30637 20822 1517137
30637 20822 1877804
30637 20822 1969726
30637 20822 1986331
30637 20822 2012999
30637 20822 2069037
30637 20822 2120467
30637 20822 2438139
30637 29951 -2469369
30637 29951 -1897950
30637 29951 -1715555
30637 29951 -1556130
30637 29951 -1464377
30637 29951 -1391964
30637 29951 -1353625
30637 29951 838750
30637 29951 1096748
30637 29951 1122205
30637 29951 1190828
30637 29951 1303128
30637 29951 1361828
30637 29951 1421923
30637 29951 1458800
30637 29951 1541884
30637 29951 1580818
30637 29951 1613786
30637 29951 1621926
30637 29951 1622357
30637 29951 1737321
30637 29951 2051950
30637 29951 2079888
30637 29951 2246884
30637 29951 2452108
30661 5733 -2327219
30661 5733 -2272000
30661 5733 -2261919
30661 5733 -1986997
30661 5733 -1977242
30661 5733 -1934520
30661 5733 -1848728
30661 5733 -1783771
30661 5733 -1758549
30661 5733 -1632211
30661 5733 -1241406
30661 5733 -1181505
30661 5733 -1175197
30661 5733 -1147794
30661 5733 -1051864
30661 5733 -1024019
30661 5733 -879243
30661 5733 -788984
30661 5733 957540
30661 5733 970310
30661 5733 990291
30661 5733 1095762
30661 5733 1201238
30661 5733 1215268
30661 5733 1310710
30661 5733 1334743
30661 5733 1474606
30661 5733 1533956
30661 5733 1696696
30661 5733 1734713
30661 5733 1759915
30661 5733 1788448
30661 5733 1843847
30661 5733 2040316
30661 5733 2548376
30661 26096 -2558663
30661 26096 -2486744
30661 26096 -2317029
30661 26096 -1960033
30661 26096 -1913072
30661 26096 -1897524
30661 26096 -1878478
30661 26096 -1735972
30661 26096 -1625016
30661 26096 -1538932
30661 26096 -1478889
30661 26096 -1375249
30661 26096 -1372711
30661 26096 -1267958
30661 26096 -1169435
30661 26096 -1140067
30661 26096 872210
30661 26096 947197
30661 26096 1111020
30661 26096 1405975
30661 26096 1450102
30661 26096 1456175
30661 26096 1506186
30661 26096 1737123
30661 26096 1820050
30661 26096 1881808
30661 26096 2059280
30661 26096 2174402
30661 26096 2392233
30661 26096 2442786
30661 29837 -2257688
30661 29837 -1989723
30661 29837 -1823881
30661 29837 -1735590
30661 29837 -1698874
30661 29837 -1654588
30661 29837 -1608718
30661 29837 -1549625
30661 29837 -1469241
30661 29837 -1413478
30661 29837 -1185619
30661 29837 -1161925
30661 29837 -989325
30661 29837 1003261
30661 29837 1077028
30661 29837 1136452
30661 29837 1236493
30661 29837 1324058
30661 29837 1385495
30661 29837 1436907
30661 29837 1497993
30661 29837 1687537
30661 29837 1938124
30661 29837 1953836
30661 29837 1955677
30661 29837 2118429
30661 29837 2289940
30677 8126 -2518205
30677 8126 -2495196
30677 8126 -2400460
30677 8126 -2141504
30677 8126 -1854409
30677 8126 -1814829
30677 8126 -1711112
30677 8126 -1672963
30677 8126 -1604531
30677 8126 -1590684
30677 8126 -1393860
30677 8126 -1337318
30677 8126 -1251532
30677 8126 -1232051
30677 8126 -1107398
30677 8126 -955752
30677 8126 1127212
30677 8126 1196265
30677 8126 1247579
30677 8126 1268692
30677 8126 1356561
30677 8126 1513244
30677 8126 1658931
30677 8126 1673987
30677 8126 1729129
30677 8126 1856718
30677 8126 1985020
30677 8126 2249424
30677 8126 2524124
30677 8126 2532324
30677 8126 2537897
30677 9200 -2368442
30677 9200 -2255987
30677 9200 -1998224
30677 9200 -1877083
30677 9200 -1532327
30677 9200 -1214992
30677 9200 821185
30677 9200 845583
30677 9200 1015137
30677 9200 1043348
30677 9200 1128032
30677 9200 1269101
30677 9200 1568099
30677 9200 1613339
30677 9200 1669164
30677 9200 1859098
30677 9200 2018298
30677 9200 2238368
30677 9200 2388596
30677 9200 2416394
30677 13695 -2541137
30677 13695 -2521893
30677 13695 -2433519
30677 13695 -2427585
30677 13695 -2406024
30677 13695 -2315800
30677 13695 -2276293
30677 13695 -2081219
30677 13695 -1982538
30677 13695 -1965444
30677 13695 -1941368
30677 13695 -1928743
30677 13695 -1842878
30677 13695 -1726415
30677 13695 -1696403
30677 13695 -1668595
30677 13695 -1545959
30677 13695 -1510511
30677 13695 -1325321
30677 13695 -1305469
30677 13695 -1260295
30677 13695 -1172443
30677 13695 -1119426
30677 13695 -1055373
30677 13695 -979352
30677 13695 1030906
30677 13695 1258247
30677 13695 1342257
30677 13695 1592030
30677 13695 1654519
30677 13695 1799304
30677 13695 2075518
30677 13695 2134936
30677 13695 2315947
30677 13695 2393741
30677 13695 2466982
30689 14368 -2465842
30689 14368 -2377714
30689 14368 -2234410
30689 14368 -2220571
30689 14368 -1970563
30689 14368 -1956802
30689 14368 -1850698
30689 14368 -1657488
30689 14368 -1379646
30689 14368 -1373976
30689 14368 -1351556
30689 14368 -1113587
30689 14368 -1072252
30689 14368 861094
30689 14368 922019
30689 14368 1068742
30689 14368 1081396
30689 14368 1320466
30689 14368 1439111
30689 14368 1509579
30689 14368 1737116
30689 14368 1766736
30689 14368 1897672
30689 14368 2320861
30689 14368 2384881
30689 17273 -2055916
30689 17273 -1922798
30689 17273 -1712442
30689 17273 -1564723
30689 17273 -1438839
30689 17273 -1438052
30689 17273 -1371977
30689 17273 -1356573
30689 17273 -1071340
30689 17273 -1045823
30689 17273 834380
30689 17273 991660
30689 17273 1033391
30689 17273 1079301
30689 17273 1167689
30689 17273 1468146
30689 17273 1907546
30689 17273 2321049
30689 30081 -2512437
30689 30081 -2458099
30689 30081 -2198711
30689 30081 -2179907
30689 30081 -1960315
30689 30081 -1861866
30689 30081 -1784869
30689 30081 -1434893
30689 30081 -1352642
30689 30081 -1309735
30689 30081 -1203946
30689 30081 -1182074
30689 30081 -1114927
30689 30081 -977645
30689 30081 949890
30689 30081 983972
30689 30081 989452
30689 30081 1037577
30689 30081 1048752
30689 30081 1207938
30689 30081 1226675
30689 30081 1410163
30689 30081 1502732
30689 30081 1586452
30689 30081 1589216
30689 30081 1745412
30689 30081 2249152
30689 30081 2493588
30689 30081 2557471
30703 18496 -2535750
30703 18496 -2356502
30703 18496 -1994521
30703 18496 -1755257
30703 18496 -1698113
30703 18496 -1646924
30703 18496 -1596760
30703 18496 -1455678
30703 18496 -1420104
30703 18496 -1403629
30703 18496 -1335320
30703 18496 -1232162
30703 18496 -1026418
30703 18496 878909
30703 18496 1132702
30703 18496 1201858
30703 18496 1363105
30703 18496 1458744
30703 18496 1528632
30703 18496 1621424
30703 18496 1748121
30703 18496 1983449
30703 18496 2071476
30703 18496 2145221
30703 18496 2267482
30703 18496 2458387
30703 18496 2458490
30707 15558 -2519898
30707 15558 -2429647
30707 15558 -2356224
30707 15558 -2251349
30707 15558 -2247583
30707 15558 -1984555
30707 15558 -1866056
30707 15558 -1739651
30707 15558 -1527765
30707 15558 -1482432
30707 15558 -1401763
30707 15558 -1386144
30707 15558 -1265163
30707 15558 -1208769
30707 15558 -1084659
30707 15558 -1047307
30707 15558 -1005311
30707 15558 1062610
30707 15558 1294791
30707 15558 1406469
30707 15558 1587468
30707 15558 1727332
30707 15558 1750488
30707 15558 1813454
30707 15558 1885401
30707 15558 1946422
30707 15558 1951468
30707 15558 2053756
30707 15558 2056792
30707 15558 2084843
30707 15558 2224339
30707 15558 2375562
30713 5242 -2484342
30713 5242 -2413659
30713 5242 -2378234
30713 5242 -2234066
30713 5242 -1921441
30713 5242 -1843707
30713 5242 -1836355
30713 5242 -1725175
30713 5242 -1673260
30713 5242 -1645113
30713 5242 -1599306
30713 5242 -1530535
30713 5242 -1517533
30713 5242 -1496288
30713 5242 -1411945
30713 5242 -1267491
30713 5242 -1203088
30713 5242 -1127535
30713 5242 -902801
30713 5242 988135
30713 5242 1286752
30713 5242 1347487
30713 5242 1459199
30713 5242 1539975
30713 5242 1577323
30713 5242 1671981
30713 5242 1734772
30713 5242 1736748
30713 5242 1861066
30713 5242 1918519
30713 5242 1938111
30713 5242 2099915
30727 16127 -2551327
30727 16127 -2529006
30727 16127 -2381784
30727 16127 -2278364
30727 16127 -2253137
30727 16127 -2218259
30727 16127 -1879264
30727 16127 -1733911
30727 16127 -1447834
30727 16127 -1433588
30727 16127 -1387224
30727 16127 -1249018
30727 16127 -1203584
30727 16127 -1200817
30727 16127 -993151
30727 16127 1032091
30727 16127 1076967
30727 16127 1084343
30727 16127 1166003
30727 16127 1212666
30727 16127 1301063
30727 16127 1405229
30727 16127 1456511
30727 16127 1578787
30727 16127 1656850
30727 16127 1712768
30727 16127 1794452
30727 16127 1824989
30727 16127 1888933
30727 16127 1952912
30727 16127 1997141
30727 16127 2071301
30727 16127 2099575
30727 16127 2451678
30763 6141 -2508063
30763 6141 -2491384
30763 6141 -2422134
30763 6141 -2226815
30763 6141 -2102927
30763 6141 -2023314
30763 6141 -2008254
30763 6141 -1967530
30763 6141 -1898278
30763 6141 -1787290
30763 6141 -1695703
30763 6141 -1390230
30763 6141 -1302479
30763 6141 -1301385
30763 6141 -1265777
30763 6141 -1259982
30763 6141 -1077065
30763 6141 1131795
30763 6141 1322589
30763 6141 1340126
30763 6141 1529136
30763 6141 1545871
30763 6141 1568108
30763 6141 1621288
30763 6141 1736166
30763 6141 1773236
30763 6141 2013870
30763 6141 2119741
30763 6141 2153561
30763 6141 2246562
30763 6141 2276089
30763 6141 2383922
30763 6141 2391286
30763 11796 -2266840
30763 11796 -2184002
30763 11796 -2135075
30763 11796 -2038846
30763 11796 -2001468
30763 11796 -1828908
30763 11796 -1771996
30763 11796 -1697106
30763 11796 -1687855
30763 11796 -1504048
30763 11796 -1473244
30763 11796 -1285304
30763 11796 -1245671
30763 11796 -1238156
30763 11796 -1174230
30763 11796 -1092497
30763 11796 -774275
30763 11796 991383
30763 11796 993026
30763 11796 1149950
30763 11796 1168648
30763 11796 1200664
30763 11796 1256286
30763 11796 1359831
30763 11796 1712861
30763 11796 1720317
30763 11796 1721824
30763 11796 1775030
30763 11796 1918793
30763 11796 2213876
30763 13170 -2430532
30763 13170 -2409401
30763 13170 -2337718
30763 13170 -2329462
30763 13170 -2323749
30763 13170 -2302972
30763 13170 -2071618
30763 13170 -1931777
30763 13170 -1828382
30763 13170 -1616772
30763 13170 -1594704
30763 13170 -1471741
30763 13170 -1432796
30763 13170 -1224730
30763 13170 -1162322
30763 13170 -1128688
30763 13170 -964657
30763 13170 939532
30763 13170 1004140
30763 13170 1077847
30763 13170 1117285
30763 13170 1256802
30763 13170 1302403
30763 13170 1638438
30763 13170 1645312
30763 13170 1715491
30763 13170 1741749
30763 13170 1779853
30763 13170 1848184
30763 13170 1872772
30763 13170 2244691
30763 13170 2253719
30763 13170 2385734
30773 5479 -2541757
30773 5479 -2328332
30773 5479 -2050405
30773 5479 -1923434
30773 5479 -1771449
30773 5479 -1642041
30773 5479 -1558055
30773 5479 -1397337
30773 5479 -1338886
30773 5479 -1099564
30773 5479 933076
30773 5479 940802
30773 5479 997924
30773 5479 1005380
30773 5479 1031935
30773 5479 1310316
30773 5479 1315513
30773 5479 1391643
30773 5479 1393882
30773 5479 1412522
30773 5479 1614245
30773 5479 1844722
30773 5479 2028970
30773 5479 2244723
30773 6396 -2376479
30773 6396 -2345871
30773 6396 -2166021
30773 6396 -1970243
30773 6396 -1959653
30773 6396 -1733126
30773 6396 -1517119
30773 6396 -1505980
30773 6396 -1448929
30773 6396 -1012620
30773 6396 951250
30773 6396 1076681
30773 6396 1092061
30773 6396 1130147
30773 6396 1172954
30773 6396 1203752
30773 6396 1320197
30773 6396 1340743
30773 6396 1566511
30773 6396 1675879
30773 6396 1966538
30773 6396 2262001
30773 6396 2278062
30773 6396 2351160
30773 6396 2374939
30773 6396 2464400
30773 6396 2489708
30773 6396 2494741
30773 19242 -2387823
30773 19242 -2176163
30773 19242 -1990314
30773 19242 -1949452
30773 19242 -1908674
30773 19242 -1809426
30773 19242 -1652451
30773 19242 -1531293
30773 19242 -1388158
30773 19242 -1267353
30773 19242 -937619
30773 19242 -914646
30773 19242 997758
30773 19242 1059504
30773 19242 1059915
30773 19242 1249278
30773 19242 1430023
30773 19242 1461145
30773 19242 1552623
30773 19242 1561429
30773 19242 1683930
30773 19242 1801198
30773 19242 1922128
30773 19242 2013034
30773 19242 2175337
30773 19242 2179056
30773 19242 2302304
30773 19242 2334579
30773 19242 2385390
30773 19242 2394500
30773 19242 2550270
30809 30488 -2453305
30809 30488 -2281970
30809 30488 -2232850
30809 30488 -2112275
30809 30488 -2034762
30809 30488 -1995496
30809 30488 -1921657
30809 30488 -1818653
30809 30488 -1768414
30809 30488 -1531385
30809 30488 -1457281
30809 30488 -1420336
30809 30488 -1310363
30809 30488 -1186202
30809 30488 -1032706
30809 30488 -802090
30809 30488 903069
30809 30488 924069
30809 30488 1161238
30809 30488 1201605
30809 30488 1290894
30809 30488 1301629
30809 30488 1387549
30809 30488 1458277
30809 30488 1481567
30809 30488 1515819
30809 30488 1603337
30809 30488 1605801
30809 30488 1708142
30809 30488 1721235
30809 30488 1782022
30809 30488 2071331
30809 30488 2246994
30809 30488 2369075
30809 30488 2446055
30817 16313 -2505756
30817 16313 -2451187
30817 16313 -2347656
30817 16313 -2226761
30817 16313 -2201081
30817 16313 -2116841
30817 16313 -1933995
30817 16313 -1887664
30817 16313 -1783066
30817 16313 -1384185
30817 16313 -1283312
30817 16313 -1263734
30817 16313 -1197508
30817 16313 -1092367
30817 16313 1015183
30817 16313 1034141
30817 16313 1109773
30817 16313 1186825
30817 16313 1224968
30817 16313 1231352
30817 16313 1327231
30817 16313 1333964
30817 16313 1334835
30817 16313 1336290
30817 16313 1554387
30817 16313 1774845
30817 16313 1868272
30817 16313 1868442
30817 16313 1903142
30817 16313 2035668
30817 16313 2073745
30817 16313 2114810
30817 16313 2121900
30817 16313 2200743
30817 21926 -2488526
30817 21926 -2147046
30817 21926 -2102501
30817 21926 -2032079
30817 21926 -2018782
30817 21926 -1771338
30817 21926 -1724094
30817 21926 -1721200
30817 21926 -1652726
30817 21926 -1646519
30817 21926 -1426418
30817 21926 -1393329
30817 21926 -1352304
30817 21926 -1051505
30817 21926 1091885
30817 21926 1101592
30817 21926 1218862
30817 21926 1412378
30817 21926 1572691
30817 21926 1998349
30817 21926 2010137
30817 21926 2148906
30817 21926 2158066
30817 21926 2340683
30817 21926 2546594
30817 23739 -2293845
30817 23739 -2274523
30817 23739 -2180395
30817 23739 -2102315
30817 23739 -2049039
30817 23739 -1549945
30817 23739 -1527476
30817 23739 -1457649
30817 23739 -1417447
30817 23739 -1401650
30817 23739 -1331234
30817 23739 -1290687
30817 23739 -1238734
30817 23739 -1160989
30817 23739 -1097166
30817 23739 -1049315
30817 23739 -1007111
30817 23739 -918196
30817 23739 1008590
30817 23739 1127561
30817 23739 1184842
30817 23739 1330579
30817 23739 1546200
30817 23739 1573746
30817 23739 1978835
30817 23739 1988959
30817 23739 2098742
30817 23739 2110613
30817 23739 2256402
30817 23739 2341498
30817 23739 2550059
30829 15267 -2477985
30829 15267 -2452840
30829 15267 -1995760
30829 15267 -1975449
30829 15267 -1671746
30829 15267 -1183804
30829 15267 -1169054
30829 15267 -944551
30829 15267 944198
30829 15267 1194908
30829 15267 1368117
30829 15267 1429667
30829 15267 1619622
30829 15267 1639703
30829 15267 1691715
30829 15267 1826736
30829 15267 1986759
30829 15267 2018728
30829 15267 2029175
30829 15267 2111491
30829 15267 2346336
30829 15267 2472173
30829 15267 2473034
30839 28026 -2224782
30839 28026 -2035321
30839 28026 -1773403
30839 28026 -1614881
30839 28026 -1463344
30839 28026 -1431682
30839 28026 -1333428
30839 28026 -1254346
30839 28026 -1194934
30839 28026 -1174678
30839 28026 -1107753
30839 28026 -782262
30839 28026 1044725
30839 28026 1108347
30839 28026 1120251
30839 28026 1175067
30839 28026 1533247
30839 28026 1592198
30839 28026 2000249
30839 28026 2186430
30851 4824 -2545698
30851 4824 -2371526
30851 4824 -2337747
30851 4824 -2209336
30851 4824 -2178666
30851 4824 -2154860
30851 4824 -1998544
30851 4824 -1884919
30851 4824 -1880119
30851 4824 -1866370
30851 4824 -1834072
30851 4824 -1822011
30851 4824 -1791938
30851 4824 -1636719
30851 4824 -1561493
30851 4824 -1546190
30851 4824 -1467651
30851 4824 -1430053
30851 4824 -1420207
30851 4824 -1416466
30851 4824 -1250728
30851 4824 -1090179
30851 4824 -996807
30851 4824 -989739
30851 4824 -974274
30851 4824 1083654
30851 4824 1175341
30851 4824 1280657
30851 4824 1346200
30851 4824 1460377
30851 4824 1495503
30851 4824 1511416
30851 4824 1557110
30851 4824 1879970
30851 4824 1884712
30851 4824 1927146
30851 4824 2370011
30851 4824 2464385
30853 16821 -2509454
30853 16821 -2287894
30853 16821 -2043834
30853 16821 -2004122
30853 16821 -1881451
30853 16821 -1496167
30853 16821 -1477227
30853 16821 -1327457
30853 16821 -1317205
30853 16821 -1194071
30853 16821 -1183804
30853 16821 1116900
30853 16821 1211500
30853 16821 1275807
30853 16821 1304104
30853 16821 1412994
30853 16821 1845120
30853 16821 1976621
30853 16821 1997389
30853 16821 2207438
30853 16821 2255682
30853 16821 2341692
30853 16821 2394430
30853 16821 2493330
30853 16821 2519538
30853 16821 2548304
30881 28083 -2498296
30881 28083 -2391076
30881 28083 -2125698
30881 28083 -1998790
30881 28083 -1789601
30881 28083 -1788057
30881 28083 -1675241
30881 28083 -1451472
30881 28083 -1313713
30881 28083 -1259629
30881 28083 -1184559
30881 28083 -1100997
30881 28083 -990858
30881 28083 -871460
30881 28083 1321241
30881 28083 1486993
30881 28083 1500235
30881 28083 1667717
30881 28083 1989636
30881 28083 2060368
30881 28083 2150962
30881 28083 2167629
30881 28083 2310809
30881 28083 2525628
30893 19566 -2455283
30893 19566 -1901115
30893 19566 -1707515
30893 19566 -1680897
30893 19566 -1672746
30893 19566 -1593339
30893 19566 -1503735
30893 19566 -1406090
30893 19566 -1284364
30893 19566 -1130642
30893 19566 -1112773
30893 19566 -1073095
30893 19566 -1059579
30893 19566 -1036900
30893 19566 -876770
30893 19566 -802362
30893 19566 1018347
30893 19566 1102891
30893 19566 1204520
30893 19566 1299690
30893 19566 1308584
30893 19566 1377735
30893 19566 1419731
30893 19566 1499680
30893 19566 1915904
30893 19566 1986968
30893 19566 2133488
30893 19566 2170658
30893 19566 2526260
30911 17319 -2228625
30911 17319 -1834393
30911 17319 -1581059
30911 17319 -1555627
30911 17319 -1395307
30911 17319 -1378231
30911 17319 -1357451
30911 17319 -1171023
30911 17319 -1121722
30911 17319 -1107238
30911 17319 -984481
30911 17319 1138878
30911 17319 1169190
30911 17319 1198663
30911 17319 1295648
30911 17319 1488963
30911 17319 1773009
30911 17319 1799429
30911 17319 1951645
30911 17319 1971705
30911 17319 2502708
30911 17319 2540396
30911 17319 2546561
30931 17478 -2558549
30931 17478 -2514019
30931 17478 -2323831
30931 17478 -2206058
30931 17478 -2177469
30931 17478 -2103855
30931 17478 -2055033
30931 17478 -1971596
30931 17478 -1947512
30931 17478 -1658055
30931 17478 -1286025
30931 17478 -1241796
30931 17478 -1232324
30931 17478 -1224984
30931 17478 -1150265
30931 17478 -926968
30931 17478 1078145
30931 17478 1089544
30931 17478 1210846
30931 17478 1227188
30931 17478 1277757
30931 17478 1435121
30931 17478 1513189
30931 17478 1548937
30931 17478 1585322
30931 17478 1660103
30931 17478 1725751
30931 17478 1750622
30931 17478 2001076
30931 21186 -2213252
30931 21186 -2160284
30931 21186 -1666943
30931 21186 -1543544
30931 21186 -1521642
30931 21186 -1359792
30931 21186 -1322563
30931 21186 -1302345
30931 21186 -1300287
30931 21186 -1288456
30931 21186 -1270611
30931 21186 -1030098
30931 21186 943517
30931 21186 1014954
30931 21186 1018992
30931 21186 1082065
30931 21186 1099428
30931 21186 1189737
30931 21186 1210611
30931 21186 1319865
30931 21186 1374336
30931 21186 1535705
30931 21186 1745000
30931 21186 1812308
30931 21186 1884395
30931 21186 2172132
30931 21186 2225310
30931 21186 2255488
30931 21186 2465824
30931 23542 -2118879
30931 23542 -2101130
30931 23542 -2045681
30931 23542 -1797286
30931 23542 -1684585
30931 23542 -1626298
30931 23542 -1547355
30931 23542 -1492114
30931 23542 -1455171
30931 23542 -1449606
30931 23542 -1420077
30931 23542 -1416671
30931 23542 -1403007
30931 23542 -1380387
30931 23542 -991808
30931 23542 -916662
30931 23542 1133102
30931 23542 1151620
30931 23542 1169527
30931 23542 1203467
30931 23542 1309497
30931 23542 1367676
30931 23542 1781157
30931 23542 1856382
30931 23542 1856489
30931 23542 2001607
30931 23542 2018999
30931 23542 2279097
30931 23542 2404883
30931 23542 2521577
30937 17334 -2498150
30937 17334 -2468985
30937 17334 -2180368
30937 17334 -2144331
30937 17334 -1950677
30937 17334 -1935368
30937 17334 -1869575
30937 17334 -1759534
30937 17334 -1200860
30937 17334 -1175553
30937 17334 882720
30937 17334 891045
30937 17334 955040
30937 17334 1072203
30937 17334 1082625
30937 17334 1093322
30937 17334 1200180
30937 17334 1214466
30937 17334 1438564
30937 17334 1551363
30937 17334 1659885
30937 17334 1927564
30937 17334 1944554
30937 17334 1950005
30937 17334 1976800
30937 17334 2042687
30937 17334 2263651
30937 17334 2430520
30937 17334 2463775
30941 12175 -2463885
30941 12175 -1960926
30941 12175 -1922508
30941 12175 -1921612
30941 12175 -1792161
30941 12175 -1755645
30941 12175 -1744196
30941 12175 -1640320
30941 12175 -1406488
30941 12175 -1086712
30941 12175 -1024926
30941 12175 -980653
30941 12175 -902188
30941 12175 1107049
30941 12175 1260430
30941 12175 1325502
30941 12175 1364573
30941 12175 1407826
30941 12175 1490011
30941 12175 1556423
30941 12175 1742926
30941 12175 2306682
30941 12175 2326543
30941 12175 2449680
30941 12175 2483176
30941 12175 2544213
30941 12175 2556224
30949 7330 -2534519
30949 7330 -2223814
30949 7330 -1828781
30949 7330 -1767687
30949 7330 -1615542
30949 7330 -1605019
30949 7330 -1421879
30949 7330 -1381129
30949 7330 -1095856
30949 7330 -1092146
30949 7330 -1066706
30949 7330 -985822
30949 7330 902516
30949 7330 1010546
30949 7330 1122795
30949 7330 1217633
30949 7330 1380699
30949 7330 1721707
30949 7330 1953471
30949 7330 2008824
30949 7330 2024453
30949 7330 2049700
30949 7330 2072865
30949 7330 2316193
30949 7330 2381455
30949 7330 2428843
30949 7330 2461820
30977 14004 -2540541
30977 14004 -2332642
30977 14004 -2296418
30977 14004 -2054390
30977 14004 -1876833
30977 14004 -1832610
30977 14004 -1813330
30977 14004 -1520734
30977 14004 -1443001
30977 14004 -1254363
30977 14004 -1233696
30977 14004 -1217142
30977 14004 -1202080
30977 14004 -909550
30977 14004 1001490
30977 14004 1217733
30977 14004 1231200
30977 14004 1281933
30977 14004 1349061
30977 14004 1368091
30977 14004 1441943
30977 14004 1442009
30977 14004 1533859
30977 14004 1623280
30977 14004 1741078
30977 14004 1756297
30977 14004 1935734
30977 14004 1951458
30977 14004 2110484
30977 14004 2352132
30977 14004 2396872
30977 14004 2411527
30977 14004 2467025
30977 14004 2530040
30983 9419 -2512963
30983 9419 -2238440
30983 9419 -2127998
30983 9419 -1842874
30983 9419 -1609496
30983 9419 -1501226
30983 9419 -1490220
30983 9419 -1430600
30983 9419 -1419132
30983 9419 -1138936
30983 9419 -1122285
30983 9419 -1102455
30983 9419 -1051100
30983 9419 902089
30983 9419 1015243
30983 9419 1050834
30983 9419 1159030
30983 9419 1173672
30983 9419 1199139
30983 9419 1320402
30983 9419 1334415
30983 9419 1391615
30983 9419 1436156
30983 9419 1579264
30983 9419 2153042
30983 9419 2511121
30983 24676 -2483488
30983 24676 -2248917
30983 24676 -2214621
30983 24676 -2124205
30983 24676 -2053246
30983 24676 -1832513
30983 24676 -1500787
30983 24676 -1363411
30983 24676 -1238012
30983 24676 -971977
30983 24676 890700
30983 24676 901747
30983 24676 991127
30983 24676 1052376
30983 24676 1154465
30983 24676 1180415
30983 24676 1251680
30983 24676 1256148
30983 24676 1316242
30983 24676 1506151
30983 24676 1528910
30983 24676 1572031
30983 24676 1574315
30983 24676 1650929
30983 24676 1661619
30983 24676 1806573
30983 24676 2467329
30983 24676 2548170
30983 28215 -2484125
30983 28215 -2103403
30983 28215 -1866267
30983 28215 -1457496
30983 28215 -1392746
30983 28215 -1282074
30983 28215 -1254621
30983 28215 -898950
30983 28215 1075038
30983 28215 1134350
30983 28215 1237106
30983 28215 1261306
30983 28215 1367283
30983 28215 1404464
30983 28215 1499883
30983 28215 1628146
30983 28215 1686350
30983 28215 1806075
30983 28215 1983387
30983 28215 2041169
30983 28215 2186718
31013 377 -2256503
31013 377 -2169525
31013 377 -1826234
31013 377 -1695604
31013 377 -1687865
31013 377 -1533580
31013 377 -1528530
31013 377 -1504710
31013 377 -1499138
31013 377 -1496325
31013 377 -1484935
31013 377 -1465779
31013 377 -1307277
31013 377 -1305404
31013 377 -1292402
31013 377 -1202812
31013 377 -1096263
31013 377 -1047136
31013 377 -1027424
31013 377 -971038
31013 377 -935961
31013 377 1242622
31013 377 1254079
31013 377 1305664
31013 377 1335685
31013 377 1341755
31013 377 1358363
31013 377 1740333
31013 377 1892439
31013 377 1926096
31013 377 2012614
31013 377 2441126
31019 15406 -2461057
31019 15406 -2374785
31019 15406 -2312079
31019 15406 -2055227
31019 15406 -1833511
31019 15406 -1680271
31019 15406 -1371335
31019 15406 -1338538
31019 15406 -1332037
31019 15406 -1216931
31019 15406 945470
31019 15406 1105044
31019 15406 1111170
31019 15406 1283656
31019 15406 1393278
31019 15406 1564182
31019 15406 1597610
31019 15406 1639226
31019 15406 1640864
31019 15406 1869847
31019 15406 1914339
31019 15406 1925716
31019 15406 2029647
31019 15406 2054346
31019 15406 2458044
31019 15406 2466190
31033 11704 -2535784
31033 11704 -2450104
31033 11704 -1959191
31033 11704 -1897215
31033 11704 -1761876
31033 11704 -1752050
31033 11704 -1698557
31033 11704 -1667372
31033 11704 -1481987
31033 11704 -1439217
31033 11704 -1135293
31033 11704 -1018149
31033 11704 -1000803
31033 11704 -940019
31033 11704 955163
31033 11704 1014991
31033 11704 1187249
31033 11704 1314970
31033 11704 1336879
31033 11704 1434228
31033 11704 1509049
31033 11704 1513935
31033 11704 1611697
31033 11704 1635313
31033 11704 1667385
31033 11704 1703865
31033 11704 1992959
31033 11704 2286657
31039 13988 -2552324
31039 13988 -2492067
31039 13988 -2210253
31039 13988 -2190191
31039 13988 -2110035
31039 13988 -2035146
31039 13988 -1638134
31039 13988 -1501191
31039 13988 -1483840
31039 13988 -1443999
31039 13988 -1416907
31039 13988 -1334767
31039 13988 -1211545
31039 13988 -1173874
31039 13988 -1124302
31039 13988 -1102736
31039 13988 -912816
31039 13988 1151103
31039 13988 1240333
31039 13988 1267527
31039 13988 1305615
31039 13988 1317405
31039 13988 1437151
31039 13988 1464139
31039 13988 1485114
31039 13988 1492672
31039 13988 1561292
31039 13988 1595597
31039 13988 1656472
31039 13988 1814715
31039 13988 2010126
31039 13988 2011787
31039 13988 2061841
31039 13988 2118554
31039 13988 2212125
31039 13988 2517836
31051 329 -2438638
31051 329 -2330742
31051 329 -2240265
31051 329 -2052199
31051 329 -2011333
31051 329 -1967448
31051 329 -1922303
31051 329 -1902952
31051 329 -1826981
31051 329 -1803963
31051 329 -1588434
31051 329 -1563273
31051 329 -1528262
31051 329 -1284131
31051 329 -1220023
31051 329 -1216830
31051 329 -1214862
31051 329 -1201291
31051 329 -1190074
31051 329 -1168888
31051 329 -1147317
31051 329 1014978
31051 329 1014988
31051 329 1037517
31051 329 1160110
31051 329 1235702
31051 329 1293651
31051 329 1402079
31051 329 1404615
31051 329 2036438
31051 329 2056440
31051 329 2557651
31051 14195 -2003856
31051 14195 -1928400
31051 14195 -1835774
31051 14195 -1750286
31051 14195 -1629486
31051 14195 -1582111
31051 14195 -1485483
31051 14195 -1406000
31051 14195 -1264332
31051 14195 -1059256
31051 14195 -1022143
31051 14195 -995370
31051 14195 -983457
31051 14195 -900636
31051 14195 1084320
31051 14195 1288386
31051 14195 1459485
31051 14195 1579728
31051 14195 1585128
31051 14195 1647914
31051 14195 2191783
31051 14195 2211393
31051 14195 2400953
31051 14195 2523529
31051 16871 -2393171
31051 16871 -2299613
31051 16871 -2062517
31051 16871 -1962406
31051 16871 -1667876
31051 16871 -1619967
31051 16871 -1408461
31051 16871 -1402318
31051 16871 -1363897
31051 16871 -1338964
31051 16871 -1152999
31051 16871 -1118639
31051 16871 -1088778
31051 16871 -982537
31051 16871 1017418
31051 16871 1019102
31051 16871 1070436
31051 16871 1179066
31051 16871 1371377
31051 16871 1402554
31051 16871 1518674
31051 16871 1526749
31051 16871 1672825
31051 16871 1812352
31051 16871 1824921
31051 16871 1850248
31051 16871 2166936
31051 16871 2218306
31063 9648 -2554496
31063 9648 -2425822
31063 9648 -2405777
31063 9648 -2160894
31063 9648 -2120378
31063 9648 -2041403
31063 9648 -1972545
31063 9648 -1750600
31063 9648 -1523389
31063 9648 -1309016
31063 9648 -1242542
31063 9648 -1098363
31063 9648 -1074243
31063 9648 -819596
31063 9648 1114138
31063 9648 1149446
31063 9648 1180433
31063 9648 1267766
31063 9648 1324672
31063 9648 1369242
31063 9648 1409449
31063 9648 1512348
31063 9648 1528698
31063 9648 1739073
31063 9648 1743025
31063 9648 1854889
31063 9648 1915450
31063 9648 2134256
31063 9648 2219315
31063 9648 2284788
31063 9648 2321826
31063 9648 2347317
31063 9648 2476789
31079 19588 -2488306
31079 19588 -2089747
31079 19588 -1956414
31079 19588 -1900964
31079 19588 -1835100
31079 19588 -1715221
31079 19588 -1664445
31079 19588 -1514810
31079 19588 -1504650
31079 19588 -1338279
31079 19588 -1039901
31079 19588 -953445
31079 19588 1238953
31079 19588 1419110
31079 19588 1475397
31079 19588 1511574
31079 19588 1560540
31079 19588 1605644
31079 19588 1614176
31079 19588 1697419
31079 19588 1900714
31079 19588 2067628
31079 19588 2123189
31079 19588 2124654
31079 19588 2325345
31079 19588 2328349
31079 19588 2428616
31081 17888 -2469891
31081 17888 -2067637
31081 17888 -1902972
31081 17888 -1845700
31081 17888 -1790936
31081 17888 -1518281
31081 17888 -1368935
31081 17888 -1175172
31081 17888 -1140216
31081 17888 -951571
31081 17888 -937868
31081 17888 1222289
31081 17888 1291603
31081 17888 1378508
31081 17888 1386389
31081 17888 1402250
31081 17888 1664058
31081 17888 1690938
31081 17888 1776259
31081 17888 1865757
31081 17888 2150501
31081 17888 2291722
31081 17888 2381408
31081 17888 2457334
31081 17888 2540334
31091 8355 -2426446
31091 8355 -2166842
31091 8355 -2077240
31091 8355 -2023314
31091 8355 -1983930
31091 8355 -1930044
31091 8355 -1925369
31091 8355 -1770654
31091 8355 -1686818
31091 8355 -1626146
31091 8355 -1512388
31091 8355 -1419431
31091 8355 -1413384
31091 8355 -1306136
31091 8355 -1284309
31091 8355 -1235397
31091 8355 -968117
31091 8355 1067649
31091 8355 1143074
31091 8355 1261777
31091 8355 1396032
31091 8355 1528964
31091 8355 1544786
31091 8355 1547967
31091 8355 1917935
31091 8355 2443714
31091 8355 2460597
31091 11452 -2043087
31091 11452 -1941357
31091 11452 -1701574
31091 11452 -1587807
31091 11452 -1534912
31091 11452 -1471625
31091 11452 -1373784
31091 11452 -1343483
31091 11452 -1296323
31091 11452 -1210913
31091 11452 -1206334
31091 11452 -1142647
31091 11452 -1107067
31091 11452 -1087436
31091 11452 -1058230
31091 11452 -1042246
31091 11452 1313522
31091 11452 1335084
31091 11452 1560770
31091 11452 1975632
31091 11452 2292201
31091 11452 2457518
31091 11628 -2555402
31091 11628 -2476830
31091 11628 -2142552
31091 11628 -2131596
31091 11628 -1611426
31091 11628 -1298850
31091 11628 -1226293
31091 11628 -1114540
31091 11628 -1062243
31091 11628 -1029109
31091 11628 -940976
31091 11628 -885233
31091 11628 960591
31091 11628 1205314
31091 11628 1246472
31091 11628 1356435
31091 11628 1419282
31091 11628 1535120
31091 11628 1768478
31091 11628 1904157
31091 11628 2119621
31091 11628 2124033
31091 11628 2156591
31091 11628 2254616
31091 11628 2255783
31091 11628 2310960
31091 11628 2521734
31091 11628 2524999
31121 5267 -2300298
31121 5267 -2157804
31121 5267 -1830301
31121 5267 -1733506
31121 5267 -1515547
31121 5267 -1501040
31121 5267 -1406152
31121 5267 -1326754
31121 5267 -1309887
31121 5267 -1302721
31121 5267 -1279471
31121 5267 -1147255
31121 5267 -1074551
31121 5267 -1045063
31121 5267 -998052
31121 5267 1053873
31121 5267 1127523
31121 5267 1157627
31121 5267 1344324
31121 5267 1406355
31121 5267 1508855
31121 5267 1603149
31121 5267 1869746
31121 5267 2004560
31121 5267 2121439
31121 5267 2362528
31123 833 -2553359
31123 833 -2424798
31123 833 -2404229
31123 833 -2358694
31123 833 -1884426
31123 833 -1811922
31123 833 -1745844
31123 833 -1417373
31123 833 -1402603
31123 833 -1244772
31123 833 -1238236
31123 833 -1238018
31123 833 -1023650
31123 833 -963347
31123 833 -903546
31123 833 -815674
31123 833 1049700
31123 833 1052148
31123 833 1053138
31123 833 1348080
31123 833 1414220
31123 833 1531204
31123 833 1569945
31123 833 1603063
31123 833 1846381
31123 833 2238872
31123 833 2387130
31123 833 2392055
31123 5910 -2361640
31123 5910 -1929734
31123 5910 -1909743
31123 5910 -1711532
31123 5910 -1539960
31123 5910 -1339879
31123 5910 -1255852
31123 5910 -1252342
31123 5910 -1236937
31123 5910 -1105026
31123 5910 -1062712
31123 5910 -1044030
31123 5910 -885287
31123 5910 1125815
31123 5910 1273307
31123 5910 1385359
31123 5910 1641480
31123 5910 1646155
31123 5910 1818863
31123 5910 2268261
31123 5910 2525519
31123 24724 -2494850
31123 24724 -2285160
31123 24724 -2220996
31123 24724 -2146578
31123 24724 -2121537
31123 24724 -2061262
31123 24724 -2034892
31123 24724 -1916735
31123 24724 -1907438
31123 24724 -1860571
31123 24724 -1703659
31123 24724 -1703085
31123 24724 -1600896
31123 24724 -1569000
31123 24724 -1463611
31123 24724 -1446659
31123 24724 -1404513
31123 24724 -1373175
31123 24724 -1333555
31123 24724 -1324322
31123 24724 -1086899
31123 24724 -1021245
31123 24724 -860117
31123 24724 970419
31123 24724 1015455
31123 24724 1075838
31123 24724 1149858
31123 24724 1347363
31123 24724 1359141
31123 24724 1542955
31123 24724 1678759
31123 24724 1729662
31123 24724 1755064
31123 24724 1833492
31123 24724 1879368
31123 24724 1958081
31123 24724 2000594
31123 24724 2004175
31123 24724 2143545
31123 24724 2203128
31123 24724 2299625
31123 24724 2307436
31147 13000 -2446952
31147 13000 -1999265
31147 13000 -1995540
31147 13000 -1776501
31147 13000 -1699185
31147 13000 -1669366
31147 13000 -1532094
31147 13000 -1342318
31147 13000 -1320627
31147 13000 -1297332
31147 13000 -1260866
31147 13000 -1245773
31147 13000 -1170897
31147 13000 857558
31147 13000 919351
31147 13000 966904
31147 13000 990175
31147 13000 1122468
31147 13000 1260553
31147 13000 1287920
31147 13000 1298256
31147 13000 1332737
31147 13000 1550140
31147 13000 1856542
31147 13000 1865446
31147 13000 2104872
31147 13000 2175273
31147 13000 2194784
31147 13000 2230148
31147 13000 2369697
31147 13000 2393824
31151 1266 -2271166
31151 1266 -2231527
31151 1266 -1977298
31151 1266 -1935766
31151 1266 -1823369
31151 1266 -1694092
31151 1266 -1631153
31151 1266 -1563992
31151 1266 -1492303
31151 1266 -1453512
31151 1266 -1428552
31151 1266 -1362222
31151 1266 -1209488
31151 1266 -1113936
31151 1266 -959585
31151 1266 -949393
31151 1266 -849768
31151 1266 1097460
31151 1266 1156674
31151 1266 1158743
31151 1266 1174357
31151 1266 1202543
31151 1266 1345694
31151 1266 1404247
31151 1266 1407355
31151 1266 1422096
31151 1266 1498461
31151 1266 1525605
31151 1266 1628337
31151 1266 1680542
31151 1266 1827963
31151 1266 1928499
31151 1266 1943720
31151 1266 2008117
31151 1266 2219464
31151 1266 2411445
31151 1266 2550060
31151 8864 -2559644
31151 8864 -1856441
31151 8864 -1743351
31151 8864 -1646632
31151 8864 -1542910
31151 8864 -1542533
31151 8864 -1530154
31151 8864 -1136478
31151 8864 -997907
31151 8864 1156252
31151 8864 1416089
31151 8864 1444801
31151 8864 1513535
31151 8864 1581026
31151 8864 1613815
31151 8864 1686243
31151 8864 2048168
31151 8864 2315655
31151 8864 2363087
31151 8864 2366794
31151 21365 -2362611
31151 21365 -2268335
31151 21365 -2130088
31151 21365 -1951216
31151 21365 -1891514
31151 21365 -1875089
31151 21365 -1845776
31151 21365 -1837281
31151 21365 -1727725
31151 21365 -1606919
31151 21365 -1579966
31151 21365 -1372981
31151 21365 -1341347
31151 21365 -1279593
31151 21365 -1169719
31151 21365 -1080257
31151 21365 -1079108
31151 21365 -1002825
31151 21365 1081617
31151 21365 1140155
31151 21365 1150361
31151 21365 1438378
31151 21365 1492779
31151 21365 1500147
31151 21365 1597216
31151 21365 1628435
31151 21365 1781630
31151 21365 1798657
31151 21365 2041597
31151 21365 2177094
31151 21365 2250556
31151 21365 2345645
31153 563 -2469675
31153 563 -2080197
31153 563 -2047378
31153 563 -1882900
31153 563 -1796476
31153 563 -1728232
31153 563 -1718802
31153 563 -1521812
31153 563 -1471472
31153 563 -1384390
31153 563 -1361525
31153 563 -1304428
31153 563 -1259086
31153 563 -1247149
31153 563 -1246433
31153 563 -1187754
31153 563 -1036114
31153 563 -890729
31153 563 -714686
31153 563 1080944
31153 563 1205441
31153 563 1235407
31153 563 1329180
31153 563 1362742
31153 563 1364802
31153 563 1452743
31153 563 1826294
31153 563 1867687
31153 563 2158647
31153 563 2205830
31153 563 2507732
31153 12285 -2041501
31153 12285 -1440432
31153 12285 -1404093
31153 12285 -1371142
31153 12285 -1305238
31153 12285 -1074645
31153 12285 1021277
31153 12285 1034549
31153 12285 1169587
31153 12285 1181852
31153 12285 1243711
31153 12285 1279213
31153 12285 1344852
31153 12285 1373759
31153 12285 1471724
31153 12285 1763463
31153 12285 1937129
31153 12285 2054483
31153 12285 2345506
31153 12285 2541487
31153 18649 -2540111
31153 18649 -2459626
31153 18649 -2309251
31153 18649 -2011499
31153 18649 -2010382
31153 18649 -1861355
31153 18649 -1783959
31153 18649 -1668998
31153 18649 -1644450
31153 18649 -1459024
31153 18649 -1421943
31153 18649 -1344090
31153 18649 -1290221
31153 18649 -1252195
31153 18649 -1211849
31153 18649 917968
31153 18649 946003
31153 18649 1063210
31153 18649 1268028
31153 18649 1276636
31153 18649 1317631
31153 18649 1481453
31153 18649 1710217
31153 18649 1764847
31153 18649 1841462
31153 18649 1876002
31153 18649 1980434
31153 18649 2091511
31153 18649 2179272
31153 18649 2391537
31153 18649 2471734
31153 18649 2475474
31153 18649 2514195
31159 2293 -2489684
31159 2293 -2410637
31159 2293 -1995190
31159 2293 -1964241
31159 2293 -1946162
31159 2293 -1885490
31159 2293 -1843531
31159 2293 -1736957
31159 2293 -1610902
31159 2293 -1610577
31159 2293 -1587982
31159 2293 -1577812
31159 2293 -1504474
31159 2293 -1397046
31159 2293 -1302455
31159 2293 -1301970
31159 2293 -1086397
31159 2293 -982350
31159 2293 -938857
31159 2293 865988
31159 2293 1245412
31159 2293 1275600
31159 2293 1489211
31159 2293 1521679
31159 2293 1751116
31159 2293 1772763
31159 2293 1888211
31159 2293 1934414
31159 2293 1954894
31159 2293 2297159
31159 2293 2540187
31159 6257 -2517631
31159 6257 -2407245
31159 6257 -2237843
31159 6257 -2138047
31159 6257 -2010009
31159 6257 -1903492
31159 6257 -1787852
31159 6257 -1729867
31159 6257 -1571555
31159 6257 -1520425
31159 6257 -1450675
31159 6257 -1407769
31159 6257 -1348923
31159 6257 -1233151
31159 6257 -1000248
31159 6257 -951836
31159 6257 946753
31159 6257 1095285
31159 6257 1335489
31159 6257 1372185
31159 6257 1613234
31159 6257 1765266
31159 6257 1810738
31159 6257 1855392
31159 6257 2249199
31159 6257 2319747
31159 6257 2395182
31159 6257 2427520
31159 22953 -2550024
31159 22953 -2313880
31159 22953 -1783986
31159 22953 -1719698
31159 22953 -1662800
31159 22953 -1390766
31159 22953 -1370504
31159 22953 -1064302
31159 22953 -1057152
31159 22953 -927674
31159 22953 846198
31159 22953 953501
31159 22953 1038359
31159 22953 1059732
31159 22953 1114576
31159 22953 1153321
31159 22953 1201324
31159 22953 1222737
31159 22953 1237905
31159 22953 1317377
31159 22953 1598728
31159 22953 1644850
31159 22953 1693925
31159 22953 1740105
31159 22953 1774987
31159 22953 1783254
31159 22953 1988878
31159 22953 2035055
31159 22953 2096389
31159 22953 2262116
31159 22953 2291932
31159 22953 2309174
31159 22953 2375391
31159 22953 2409765
31159 22953 2483202
31159 22953 2546407
31181 28205 -2257535
31181 28205 -2213169
31181 28205 -2007682
31181 28205 -1891154
31181 28205 -1729507
31181 28205 -1570395
31181 28205 -1555149
31181 28205 -1514290
31181 28205 -1486839
31181 28205 -1364432
31181 28205 -1242218
31181 28205 -1174466
31181 28205 -1087092
31181 28205 -1019108
31181 28205 1021531
31181 28205 1096851
31181 28205 1097006
31181 28205 1118633
31181 28205 1139835
31181 28205 1157093
31181 28205 1214623
31181 28205 1241061
31181 28205 1302468
31181 28205 1405953
31181 28205 1473926
31181 28205 1525615
31181 28205 1531728
31181 28205 1540645
31181 28205 1749300
31181 28205 1786337
31181 28205 1809826
31181 28205 1919912
31181 28205 1948538
31181 28205 2209890
31181 28205 2418718
31181 28205 2508973
31183 4767 -2477173
31183 4767 -2197922
31183 4767 -2143953
31183 4767 -2023678
31183 4767 -1895485
31183 4767 -1848501
31183 4767 -1738824
31183 4767 -1620732
31183 4767 -1553071
31183 4767 -1446727
31183 4767 -1366670
31183 4767 -1317956
31183 4767 -1223507
31183 4767 -1180416
31183 4767 -1079887
31183 4767 1056172
31183 4767 1099595
31183 4767 1255418
31183 4767 1272323
31183 4767 1513830
31183 4767 1598918
31183 4767 1725051
31183 4767 1832514
31183 4767 1876629
31183 4767 2069488
31183 4767 2457207
31193 11434 -2233476
31193 11434 -1992602
31193 11434 -1865178
31193 11434 -1747521
31193 11434 -1730390
31193 11434 -1695863
31193 11434 -1613551
31193 11434 -1580567
31193 11434 -1499518
31193 11434 -1256442
31193 11434 -1185102
31193 11434 -1138132
31193 11434 995280
31193 11434 1028600
31193 11434 1105625
31193 11434 1142500
31193 11434 1263726
31193 11434 1310917
31193 11434 1453771
31193 11434 1494554
31193 11434 1513749
31193 11434 1589570
31193 11434 1638589
31193 11434 1668832
31193 11434 1836049
31193 11434 2087099
31193 11434 2098931
31193 11434 2557014
31231 14596 -2411662
31231 14596 -2292155
31231 14596 -2289859
31231 14596 -1899188
31231 14596 -1880133
31231 14596 -1866875
31231 14596 -1758752
31231 14596 -1351102
31231 14596 -1349022
31231 14596 -1335340
31231 14596 -1316857
31231 14596 -1095505
31231 14596 -966083
31231 14596 1085264
31231 14596 1086220
31231 14596 1145985
31231 14596 1208764
31231 14596 1221473
31231 14596 1291926
31231 14596 1362598
31231 14596 1633059
31231 14596 1686258
31231 14596 1706076
31231 14596 1902784
31231 14596 2141679
31231 19099 -2434702
31231 19099 -2299090
31231 19099 -2134845
31231 19099 -2081660
31231 19099 -2022896
31231 19099 -1957093
31231 19099 -1658166
31231 19099 -1621204
31231 19099 -1399008
31231 19099 -1346104
31231 19099 -1315093
31231 19099 -1248726
31231 19099 -1221239
31231 19099 -1155008
31231 19099 -1125265
31231 19099 -970992
31231 19099 1133475
31231 19099 1144823
31231 19099 1178924
31231 19099 1194002
31231 19099 1287501
31231 19099 1372985
31231 19099 1454074
31231 19099 1526796
31231 19099 1572541
31231 19099 1592863
31231 19099 1595991
31231 19099 1635429
31231 19099 1821994
31231 19099 1822902
31231 19099 1888843
31231 19099 2183830
31231 19099 2343373
31231 19099 2432519
31231 29111 -2393749
31231 29111 -1792012
31231 29111 -1737855
31231 29111 -1659762
31231 29111 -1422457
31231 29111 -1403288
31231 29111 -1322067
31231 29111 -1269766
31231 29111 -1262225
31231 29111 -1189461
31231 29111 -1180648
31231 29111 -1039459
31231 29111 1013697
31231 29111 1226587
31231 29111 1236530
31231 29111 1285977
31231 29111 1291438
31231 29111 1364204
31231 29111 1419513
31231 29111 1474293
31231 29111 1588565
31231 29111 1798509
31231 29111 1816045
31231 29111 2020966
31231 29111 2196865
31231 29111 2411501
31231 29111 2489208
31231 29111 2490930
31237 14891 -2486111
31237 14891 -2388961
31237 14891 -2304691
31237 14891 -2252633
31237 14891 -2198488
31237 14891 -1729136
31237 14891 -1661832
31237 14891 -1637736
31237 14891 -1555811
31237 14891 -1425777
31237 14891 -1375189
31237 14891 -1282861
31237 14891 -1252761
31237 14891 -1250129
31237 14891 -1126553
31237 14891 975388
31237 14891 981389
31237 14891 1026642
31237 14891 1141859
31237 14891 1346685
31237 14891 1360520
31237 14891 1410141
31237 14891 1565189
31237 14891 1575815
31237 14891 1741212
31237 14891 1917430
31237 14891 2025422
31237 14891 2195837
31237 14891 2243989
31237 14891 2409809
31237 14891 2464885
31253 10487 -2462186
31253 10487 -2382209
31253 10487 -2352139
31253 10487 -2340017
31253 10487 -2327030
31253 10487 -2035557
31253 10487 -2014285
31253 10487 -1844509
31253 10487 -1807076
31253 10487 -1765087
31253 10487 -1714613
31253 10487 -1678898
31253 10487 -1677751
31253 10487 -1609920
31253 10487 -1570700
31253 10487 -1430601
31253 10487 -1427460
31253 10487 -1255961
31253 10487 -1230223
31253 10487 -1104876
31253 10487 -1093201
31253 10487 1042481
31253 10487 1065547
31253 10487 1534941
31253 10487 1542067
31253 10487 1805065
31253 10487 1869676
31253 10487 1965343
31253 10487 2159149
31253 10487 2485326
31253 10487 2551687
31259 17113 -2409268
31259 17113 -2364649
31259 17113 -2094302
31259 17113 -1681406
31259 17113 -1463906
31259 17113 -1249158
31259 17113 -1204252
31259 17113 -1186624
31259 17113 -1151304
31259 17113 -1070888
31259 17113 700219
31259 17113 1171386
31259 17113 1199234
31259 17113 1231318
31259 17113 1433048
31259 17113 1620569
31259 17113 1798558
31259 17113 2103154
31277 9029 -2451047
31277 9029 -2221413
31277 9029 -2142712
31277 9029 -2099186
31277 9029 -1957362
31277 9029 -1909391
31277 9029 -1901966
31277 9029 -1807485
31277 9029 -1676488
31277 9029 -1676313
31277 9029 -1206380
31277 9029 -1155120
31277 9029 -968718
31277 9029 -960510
31277 9029 1459586
31277 9029 1837264
31277 9029 1840086
31277 9029 1925803
31277 9029 2021270
31277 9029 2034279
31277 9029 2042021
31277 9029 2074236
31277 9029 2282649
31277 9029 2290234
31277 9029 2303648
31307 19542 -2396194
31307 19542 -2351532
31307 19542 -2222688
31307 19542 -2155363
31307 19542 -2119750
31307 19542 -1811971
31307 19542 -1797742
31307 19542 -1684512
31307 19542 -1607594
31307 19542 -1554029
31307 19542 -1428794
31307 19542 -1280049
31307 19542 -1277020
31307 19542 -1195742
31307 19542 -964195
31307 19542 1045247
31307 19542 1189701
31307 19542 1291271
31307 19542 1541842
31307 19542 1632168
31307 19542 1647304
31307 19542 1920378
31307 19542 2002398
31307 19542 2185466
31307 19542 2509639
31321 25082 -2367870
31321 25082 -2234483
31321 25082 -2202193
31321 25082 -2182869
31321 25082 -2146969
31321 25082 -1990530
31321 25082 -1772871
31321 25082 -1540167
31321 25082 -1499594
31321 25082 -1457961
31321 25082 -1406979
31321 25082 -1403580
31321 25082 -1343399
31321 25082 -1119861
31321 25082 -1075400
31321 25082 -986006
31321 25082 -929434
31321 25082 944782
31321 25082 1100207
31321 25082 1307789
31321 25082 1314306
31321 25082 1363270
31321 25082 1406211
31321 25082 1416711
31321 25082 1468436
31321 25082 1641914
31321 25082 1642945
31321 25082 1794908
31321 25082 1873451
31321 25082 1934999
31321 25082 1959300
31321 25082 2064937
31321 25082 2111675
31321 25082 2307321
31321 25082 2336829
31321 25082 2385619
31327 18358 -2505593
31327 18358 -2339807
31327 18358 -2312133
31327 18358 -2180364
31327 18358 -2094796
31327 18358 -1878581
31327 18358 -1869047
31327 18358 -1769550
31327 18358 -1760755
31327 18358 -1735845
31327 18358 -1460479
31327 18358 -1397198
31327 18358 -1236035
31327 18358 -1176805
31327 18358 -1082637
31327 18358 -915252
31327 18358 -910113
31327 18358 982338
31327 18358 1006966
31327 18358 1030816
31327 18358 1044297
31327 18358 1056670
31327 18358 1107087
31327 18358 1191236
31327 18358 1238768
31327 18358 1512043
31327 18358 1516339
31327 18358 1645674
31327 18358 1696809
31327 18358 1716337
31327 18358 1776709
31327 18358 1802879
31327 18358 1928711
31327 18358 1932452
31327 18358 1979427
31327 18358 1997104
31327 18358 2028249
31327 18358 2125276
31327 18358 2449127
31327 18358 2491842
31379 10356 -2530702
31379 10356 -2505493
31379 10356 -2436292
31379 10356 -2319238
31379 10356 -2268266
31379 10356 -2226854
31379 10356 -1873707
31379 10356 -1828293
31379 10356 -1664750
31379 10356 -1600837
31379 10356 -1488414
31379 10356 -1487814
31379 10356 -1456004
31379 10356 -1426423
31379 10356 -1398498
31379 10356 -1121792
31379 10356 -937311
31379 10356 -895487
31379 10356 -854428
31379 10356 1000564
31379 10356 1012565
31379 10356 1059724
31379 10356 1091931
31379 10356 1209663
31379 10356 1219595
31379 10356 1295096
31379 10356 1305082
31379 10356 1401641
31379 10356 1435592
31379 10356 1804950
31379 10356 1913555
31379 10356 2137093
31379 10356 2320091
31379 10356 2351637
31379 10356 2515298
31379 10356 2553528
31387 10349 -2390673
31387 10349 -1953127
31387 10349 -1653474
31387 10349 -1271196
31387 10349 -1017375
31387 10349 -1003536
31387 10349 -916011
31387 10349 981267
31387 10349 1040705
31387 10349 1194955
31387 10349 1275295
31387 10349 1307016
31387 10349 1370462
31387 10349 1400596
31387 10349 1415080
31387 10349 1470364
31387 10349 1489555
31387 10349 1629120
31387 10349 1707764
31387 10349 1725151
31387 10349 1885313
31387 10349 2021360
31387 10349 2306680
31387 10349 2334943
31387 10349 2394000
31387 10349 2409898
31387 23260 -2513457
31387 23260 -2328835
31387 23260 -2197538
31387 23260 -2008447
31387 23260 -1851830
31387 23260 -1747107
31387 23260 -1639683
31387 23260 -1568431
31387 23260 -1352498
31387 23260 -1318541
31387 23260 -1297800
31387 23260 -1270796
31387 23260 -1131627
31387 23260 -1034551
31387 23260 -1003579
31387 23260 936282
31387 23260 1076678
31387 23260 1205696
31387 23260 1289655
31387 23260 1390401
31387 23260 1421241
31387 23260 1657688
31387 23260 1922541
31387 23260 2224914
31387 23260 2249849
31387 23260 2388486
31387 29509 -2379455
31387 29509 -2367113
31387 29509 -2215103
31387 29509 -1919950
31387 29509 -1916363
31387 29509 -1766462
31387 29509 -1697458
31387 29509 -1598390
31387 29509 -1584899
31387 29509 -1521346
31387 29509 -1441252
31387 29509 -1433290
31387 29509 -1271209
31387 29509 -1268393
31387 29509 1168775
31387 29509 1183738
31387 29509 1280155
31387 29509 1708887
31387 29509 1721125
31387 29509 2098839
31387 29509 2102985
31387 29509 2332025
31397 2366 -2417544
31397 2366 -2401697
31397 2366 -2353802
31397 2366 -2126614
31397 2366 -2083642
31397 2366 -1861844
31397 2366 -1667709
31397 2366 -1596302
31397 2366 -1577032
31397 2366 -1552294
31397 2366 -1545935
31397 2366 -1534990
31397 2366 -1446479
31397 2366 -1167131
31397 2366 -1042831
31397 2366 -849029
31397 2366 1033817
31397 2366 1058783
31397 2366 1165668
31397 2366 1205306
31397 2366 1275476
31397 2366 1341894
31397 2366 1445784
31397 2366 1516663
31397 2366 1533927
31397 2366 1597403
31397 2366 1775394
31397 2366 1847343
31397 2366 1965303
31397 2366 2263104
31397 2366 2297295
31397 2366 2322354
31397 5646 -2036983
31397 5646 -2033431
31397 5646 -1983273
31397 5646 -1981337
31397 5646 -1402940
31397 5646 -1396096
31397 5646 -1371855
31397 5646 -1240956
31397 5646 -1231305
31397 5646 -1137870
31397 5646 -1127677
31397 5646 -1114754
31397 5646 -1062437
31397 5646 -1054021
31397 5646 -1045185
31397 5646 908075
31397 5646 1070807
31397 5646 1107952
31397 5646 1208203
31397 5646 1451889
31397 5646 1502283
31397 5646 1557478
31397 5646 1562726
31397 5646 1643697
31397 5646 1687721
31397 5646 1803196
31397 5646 1892354
31397 5646 1957531
31397 5646 1984285
31397 5646 2039844
31397 5646 2050259
31397 5646 2211197
31397 5646 2272471
31397 5646 2309543
31397 5646 2381182
31397 5646 2439987
31397 5646 2504342
31397 5646 2524121
31397 23729 -2556575
31397 23729 -2507832
31397 23729 -2500746
31397 23729 -2165888
31397 23729 -2002038
31397 23729 -1784593
31397 23729 -1704810
31397 23729 -1623078
31397 23729 -1540216
31397 23729 -1445402
31397 23729 -1432725
31397 23729 -1414775
31397 23729 -1405985
31397 23729 -1378939
31397 23729 -1189660
31397 23729 779165
31397 23729 940934
31397 23729 1103417
31397 23729 1111013
31397 23729 1136854
31397 23729 1159436
31397 23729 1192899
31397 23729 1378807
31397 23729 1403053
31397 23729 1450087
31397 23729 1542290
31397 23729 1555795
31397 23729 1567765
31397 23729 1609486
31397 23729 1674784
31397 23729 1704681
31397 23729 1822395
31397 23729 1878028
31397 23729 2210400
31397 23729 2434135
31481 27172 -2511358
31481 27172 -2441892
31481 27172 -2282591
31481 27172 -2236849
31481 27172 -2230002
31481 27172 -2203476
31481 27172 -1755129
31481 27172 -1709309
31481 27172 -1677397
31481 27172 -1626388
31481 27172 -1551561
31481 27172 -1421950
31481 27172 -1415846
31481 27172 -1376087
31481 27172 -1336820
31481 27172 -1234544
31481 27172 -1221592
31481 27172 -1146171
31481 27172 -954611
31481 27172 1133831
31481 27172 1172626
31481 27172 1231024
31481 27172 1345291
31481 27172 1429694
31481 27172 1518321
31481 27172 1524202
31481 27172 1558224
31481 27172 1647068
31481 27172 1948013
31481 27172 1997856
31481 27172 2135060
31481 27172 2238633
31511 31395 -2510587
31511 31395 -2470129
31511 31395 -2333376
31511 31395 -2105335
31511 31395 -2096014
31511 31395 -1851120
31511 31395 -1730235
31511 31395 -1618445
31511 31395 -1555226
31511 31395 -1387348
31511 31395 -1346197
31511 31395 -1290869
31511 31395 -1288437
31511 31395 -1173625
31511 31395 -1078816
31511 31395 946043
31511 31395 1045958
31511 31395 1209919
31511 31395 1365697
31511 31395 1387603
31511 31395 1437708
31511 31395 1479921
31511 31395 1700949
31511 31395 1707957
31511 31395 1774376
31511 31395 1787543
31511 31395 1797087
31511 31395 1926474
31511 31395 1981065
31511 31395 2192677
31511 31395 2268745
31511 31395 2271646
31511 31395 2324617
31517 113 -2298439
31517 113 -1949303
31517 113 -1933709
31517 113 -1834040
31517 113 -1722668
31517 113 -1544591
31517 113 -1463943
31517 113 -1431326
31517 113 -1383331
31517 113 -1375836
31517 113 -1264452
31517 113 -1212937
31517 113 874863
31517 113 1119212
31517 113 1156636
31517 113 1434223
31517 113 1495459
31517 113 1520175
31517 113 1656902
31517 113 1709661
31517 113 1777867
31517 113 1815106
31517 113 1855699
31517 113 2009027
31517 113 2129074
31517 113 2291512
31517 113 2303087
31517 113 2347274
31517 113 2543325
31531 19751 -2428993
31531 19751 -2257506
31531 19751 -2208886
31531 19751 -2174731
31531 19751 -2087368
31531 19751 -1885180
31531 19751 -1872490
31531 19751 -1718139
31531 19751 -1585253
31531 19751 -1560519
31531 19751 -1473380
31531 19751 -1344912
31531 19751 -1328152
31531 19751 -1281201
31531 19751 -1237594
31531 19751 -1235067
31531 19751 -1198742
31531 19751 1037819
31531 19751 1052379
31531 19751 1183811
31531 19751 1203449
31531 19751 1261210
31531 19751 1380168
31531 19751 1458078
31531 19751 1475297
31531 19751 1486202
31531 19751 1496533
31531 19751 1806592
31531 19751 1947212
31531 19751 2251690
31531 19751 2438325
31543 14771 -2435904
31543 14771 -2212571
31543 14771 -2187415
31543 14771 -2110465
31543 14771 -2019784
31543 14771 -1795169
31543 14771 -1452480
31543 14771 -1177935
31543 14771 -1103607
31543 14771 -1096797
31543 14771 -1057966
31543 14771 -993968
31543 14771 -934059
31543 14771 1052379
31543 14771 1055806
31543 14771 1210567
31543 14771 1253770
31543 14771 1285752
31543 14771 1299496
31543 14771 1335079
31543 14771 1436349
31543 14771 1444517
31543 14771 1466659
31543 14771 1624711
31543 14771 1928966
31543 14771 1938591
31543 14771 2127871
31543 14771 2365678
31543 20964 -2520760
31543 20964 -2377453
31543 20964 -2371544
31543 20964 -2190651
31543 20964 -2099430
31543 20964 -2048555
31543 20964 -2041331
31543 20964 -1878651
31543 20964 -1641809
31543 20964 -1592110
31543 20964 -1580532
31543 20964 -1436208
31543 20964 -1174831
31543 20964 -1009275
31543 20964 -1001310
31543 20964 -975202
31543 20964 -960579
31543 20964 975067
31543 20964 980496
31543 20964 1052991
31543 20964 1115382
31543 20964 1216906
31543 20964 1261407
31543 20964 1291287
31543 20964 1329114
31543 20964 1331704
31543 20964 1383737
31543 20964 1512944
31543 20964 1588370
31543 20964 1591308
31543 20964 1997776
31543 20964 2188636
31543 27695 -2524236
31543 27695 -2505280
31543 27695 -2479611
31543 27695 -2299873
31543 27695 -2291984
31543 27695 -2258352
31543 27695 -2142358
31543 27695 -2006803
31543 27695 -1931727
31543 27695 -1765947
31543 27695 -1763472
31543 27695 -1720893
31543 27695 -1645045
31543 27695 -1640053
31543 27695 -1585500
31543 27695 -1556810
31543 27695 -1131094
31543 27695 -1089998
31543 27695 -1070651
31543 27695 -1050004
31543 27695 -864825
31543 27695 1124059
31543 27695 1198627
31543 27695 1417218
31543 27695 1429686
31543 27695 1788899
31543 27695 1846979
31543 27695 1936206
31543 27695 1943002
31543 27695 2198603
31547 2990 -2180528
31547 2990 -2083456
31547 2990 -2040006
31547 2990 -1862575
31547 2990 -1825177
31547 2990 -1719639
31547 2990 -1709666
31547 2990 -1545387
31547 2990 -1270241
31547 2990 -1172173
31547 2990 -1019216
31547 2990 -995190
31547 2990 839454
31547 2990 1076810
31547 2990 1120579
31547 2990 1127382
31547 2990 1145405
31547 2990 1286806
31547 2990 1481911
31547 2990 1622735
31547 2990 1730447
31547 2990 1774008
31547 2990 1784328
31547 2990 1856256
31547 2990 1867446
31547 2990 1881378
31547 2990 1935230
31547 2990 2064346
31547 2990 2103257
31547 2990 2143339
31547 2990 2206753
31547 2990 2234516
31567 18701 -2462081
31567 18701 -2395349
31567 18701 -2034612
31567 18701 -1995020
31567 18701 -1988024
31567 18701 -1904733
31567 18701 -1889886
31567 18701 -1752994
31567 18701 -1671850
31567 18701 -1598497
31567 18701 -1549310
31567 18701 -1537611
31567 18701 -1511785
31567 18701 -1428773
31567 18701 -1414158
31567 18701 -1207456
31567 18701 973141
31567 18701 1177030
31567 18701 1276073
31567 18701 1391886
31567 18701 1494418
31567 18701 1624111
31567 18701 1698029
31567 18701 1738168
31567 18701 1856730
31567 18701 1947111
31567 18701 2100621
31567 18701 2331456
31567 18701 2390924
31567 18701 2478122
31627 1538 -2283280
31627 1538 -2032830
31627 1538 -2002358
31627 1538 -1952528
31627 1538 -1862645
31627 1538 -1842129
31627 1538 -1215041
31627 1538 -1211528
31627 1538 -987670
31627 1538 1069156
31627 1538 1093211
31627 1538 1257782
31627 1538 1279006
31627 1538 1283084
31627 1538 1289775
31627 1538 1436950
31627 1538 1593550
31627 1538 1642060
31627 1538 1907640
31627 1538 1938318
31627 1538 1940423
31627 1538 2113531
31627 1538 2333925
31627 1538 2360820
31649 10910 -2513679
31649 10910 -2120296
31649 10910 -1909500
31649 10910 -1697229
31649 10910 -1663191
31649 10910 -1162194
31649 10910 -1086642
31649 10910 -977781
31649 10910 946632
31649 10910 1143149
31649 10910 1165924
31649 10910 1173821
31649 10910 1186535
31649 10910 1295318
31649 10910 1366800
31649 10910 1494407
31649 10910 1565717
31649 10910 1789492
31649 10910 1905420
31649 10910 1963785
31649 10910 2040968
31649 10910 2125264
31649 10910 2255286
31649 10910 2348443
31649 10910 2367073
31649 10910 2368775
31649 10910 2485786
31649 10910 2489837
31663 3114 -2494424
31663 3114 -2204379
31663 3114 -2161443
31663 3114 -2157069
31663 3114 -2016910
31663 3114 -1915362
31663 3114 -1657793
31663 3114 -1424439
31663 3114 -1310516
31663 3114 -684094
31663 3114 972567
31663 3114 1039881
31663 3114 1080815
31663 3114 1217287
31663 3114 1322243
31663 3114 1336039
31663 3114 1359890
31663 3114 1467271
31663 3114 1503594
31663 3114 1548858
31663 3114 1583464
31663 3114 1666475
31663 3114 1799766
31663 3114 2226013
31663 3114 2428305
31667 21643 -2365685
31667 21643 -2165941
31667 21643 -1995615
31667 21643 -1546425
31667 21643 -1436547
31667 21643 -951716
31667 21643 -925922
31667 21643 1151023
31667 21643 1342473
31667 21643 1361727
31667 21643 1375406
31667 21643 1444748
31667 21643 1493263
31667 21643 1543312
31667 21643 1550123
31667 21643 1726834
31667 21643 1727730
31667 21643 1938283
31687 7452 -2283839
31687 7452 -2256304
31687 7452 -2016214
31687 7452 -2007925
31687 7452 -1826803
31687 7452 -1702054
31687 7452 -1604020
31687 7452 -1246888
31687 7452 -1224289
31687 7452 -1166905
31687 7452 -929133
31687 7452 1060096
31687 7452 1204166
31687 7452 1368916
31687 7452 1532709
31687 7452 1561111
31687 7452 2150295
31687 7452 2353500
31687 7452 2378177
31699 1714 -2394534
31699 1714 -2277444
31699 1714 -2275606
31699 1714 -2050143
31699 1714 -1805571
31699 1714 -1784470
31699 1714 -1590072
31699 1714 -1449171
31699 1714 -1279053
31699 1714 -1231417
31699 1714 -1039728
31699 1714 -1039680
31699 1714 1184291
31699 1714 1367495
31699 1714 1521910
31699 1714 1550979
31699 1714 1631693
31699 1714 1702955
31699 1714 1809415
31699 1714 2024148
31699 1714 2178036
31699 1714 2375054
31721 13106 -2294680
31721 13106 -2217051
31721 13106 -2158590
31721 13106 -2154116
31721 13106 -2090156
31721 13106 -2010882
31721 13106 -1977917
31721 13106 -1776560
31721 13106 -1541974
31721 13106 -1538391
31721 13106 -1407228
31721 13106 -1352419
31721 13106 -1346138
31721 13106 -1241762
31721 13106 -1011185
31721 13106 -941010
31721 13106 -814583
31721 13106 1113772
31721 13106 1228878
31721 13106 1259688
31721 13106 1304721
31721 13106 1380813
31721 13106 1435260
31721 13106 1472851
31721 13106 1514635
31721 13106 1597310
31721 13106 1639503
31721 13106 1686047
31721 13106 1812739
31721 13106 1879203
31721 13106 1897387
31721 13106 2005842
31721 13106 2125189
31721 13106 2230417
31721 13106 2337030
31721 13106 2498854
31727 9967 -1977439
31727 9967 -1876212
31727 9967 -1811212
31727 9967 -1750722
31727 9967 -1697884
31727 9967 -1612850
31727 9967 -1573752
31727 9967 -1480210
31727 9967 -1434493
31727 9967 1070470
31727 9967 1106342
31727 9967 1155625
31727 9967 1392070
31727 9967 1435283
31727 9967 1445379
31727 9967 1460425
31727 9967 1498580
31727 9967 1598290
31727 9967 1654042
31727 9967 1663454
31727 9967 1677109
31727 9967 1800987
31727 9967 1829421
31727 9967 1891818
31727 9967 2017769
31727 9967 2234674
31727 9967 2296892
31727 9967 2309686
31727 9967 2377682
31727 9967 2414361
31729 3534 -2555979
31729 3534 -1804276
31729 3534 -1722877
31729 3534 -1330307
31729 3534 -1320966
31729 3534 -1310094
31729 3534 -1303926
31729 3534 -1243486
31729 3534 -1177191
31729 3534 -1008503
31729 3534 824347
31729 3534 1146796
31729 3534 1155941
31729 3534 1454399
31729 3534 1487509
31729 3534 1499167
31729 3534 1753280
31729 3534 2085299
31729 3534 2198482
31729 3534 2211381
31729 3534 2223307
31729 3534 2246349
31729 3534 2305494
31741 17348 -2237734
31741 17348 -2006739
31741 17348 -2000530
31741 17348 -1952113
31741 17348 -1929340
31741 17348 -1741784
31741 17348 -1730073
31741 17348 -1359938
31741 17348 -1288997
31741 17348 -1284978
31741 17348 -1056725
31741 17348 -1004536
31741 17348 -870491
31741 17348 990488
31741 17348 998775
31741 17348 1051373
31741 17348 1056462
31741 17348 1176563
31741 17348 1194593
31741 17348 1316859
31741 17348 1328600
31741 17348 1355546
31741 17348 1362099
31741 17348 1409743
31741 17348 1429936
31741 17348 1437429
31741 17348 1620965
31741 17348 1630897
31741 17348 1700545
31741 17348 1861506
31741 17348 2035142
31741 17348 2095135
31741 17348 2130859
31741 17348 2245046
31741 17348 2315442
31741 22015 -2383035
31741 22015 -2325082
31741 22015 -2171717
31741 22015 -2128991
31741 22015 -1960171
31741 22015 -1684263
31741 22015 -1641030
31741 22015 -1385699
31741 22015 -1264016
31741 22015 -1117454
31741 22015 -1044241
31741 22015 952820
31741 22015 974151
31741 22015 1119209
31741 22015 1211854
31741 22015 1326070
31741 22015 1365572
31741 22015 1385496
31741 22015 1421694
31741 22015 1601097
31741 22015 2039193
31741 22015 2313098
31741 22015 2346399
31741 22015 2509796
31741 24463 -2535974
31741 24463 -2451210
31741 24463 -1693844
31741 24463 -1588297
31741 24463 -1575995
31741 24463 -1544355
31741 24463 -1461791
31741 24463 -1418656
31741 24463 -1403452
31741 24463 -1370503
31741 24463 -1337608
31741 24463 -1336440
31741 24463 -1297369
31741 24463 -1292665
31741 24463 -1279827
31741 24463 -956193
31741 24463 1100727
31741 24463 1357689
31741 24463 1422131
31741 24463 1607677
31741 24463 1745589
31741 24463 1860278
31741 24463 2029726
31741 24463 2212627
31741 24463 2232927
31741 24463 2260019
31741 24463 2480185
31741 24463 2518916
31751 28818 -2213823
31751 28818 -2190644
31751 28818 -2093183
31751 28818 -2023967
31751 28818 -1928968
31751 28818 -1632494
31751 28818 -1565385
31751 28818 -1528320
31751 28818 -1466789
31751 28818 -1458510
31751 28818 -1385036
31751 28818 -1353187
31751 28818 1011425
31751 28818 1212214
31751 28818 1330535
31751 28818 1344894
31751 28818 1464737
31751 28818 1531236
31751 28818 1585719
31751 28818 1797814
31751 28818 1811477
31751 28818 1847644
31751 28818 1942485
31751 28818 1948650
31751 28818 2159769
31751 28818 2385762
31751 28818 2435870
31751 28818 2558341
31769 7432 -2220931
31769 7432 -1837260
31769 7432 -1477188
31769 7432 -1445342
31769 7432 -1394987
31769 7432 -1352611
31769 7432 -1264471
31769 7432 -1138087
