-961 1
-880 1
-850 1
-720 1
-642 1
-522 1
-478 1
-453 1
-449 1
-384 1
-360 1
-347 1
-321 1
-282 1
-261 1
-247 1
-240 1
-235 1
-213 1
-171 1
-170 1
-150 1
-122 1
-62 1
-39 1
10 1
31 1
32 1
46 1
61 1
63 1
71 1
74 1
75 1
87 1
152 1
185 1
222 1
229 1
255 1
266 1
344 1
353 1
362 1
412 1
418 1
424 1
432 1
460 1
461 1
558 1
611 1
638 1
670 1
684 1
718 1
764 1
816 1
824 1
859 1
868 1
928 1
953 1
985 1
-965 2
-871 2
-869 2
-845 2
-839 2
-827 2
-333 2
-319 2
-303 2
-267 2
-253 2
-219 2
-105 2
-81 2
-57 2
97 2
223 2
249 2
369 2
457 2
471 2
515 2
535 2
557 2
603 2
639 2
735 2
759 2
809 2
921 2
-880 3
-856 3
-796 3
-731 3
-547 3
-512 3
-509 3
-475 3
-446 3
-335 3
-244 3
-232 3
-194 3
-95 3
-92 3
-71 3
-62 3
-8 3
35 3
148 3
199 3
281 3
301 3
388 3
523 3
533 3
604 3
743 3
784 3
788 3
809 3
902 3
-863 4
-693 4
-633 4
-575 4
-343 4
-267 4
-41 4
79 4
237 4
271 4
303 4
319 4
321 4
405 4
519 4
545 4
843 4
-948 5
-914 5
-861 5
-849 5
-683 5
-654 5
-507 5
-468 5
-456 5
-221 5
-178 5
-177 5
-176 5
-136 5
-122 5
-102 5
-99 5
-63 5
9 5
86 5
88 5
139 5
144 5
174 5
288 5
294 5
309 5
402 5
404 5
497 5
648 5
673 5
714 5
753 5
949 5
-395 6
-265 6
-151 6
-97 6
-95 6
61 6
145 6
305 6
449 6
-951 7
-874 7
-836 7
-508 7
-496 7
-456 7
-331 7
-311 7
-214 7
-187 7
-134 7
-52 7
-32 7
-2 7
59 7
88 7
96 7
110 7
148 7
204 7
206 7
310 7
341 7
457 7
487 7
717 7
722 7
944 7
964 7
-721 8
-669 8
-457 8
-331 8
-271 8
-215 8
-175 8
-63 8
33 8
99 8
303 8
527 8
-928 9
-754 9
-470 9
-296 9
-181 9
-158 9
-10 9
332 9
376 9
451 9
539 9
647 9
839 9
970 9
-713 10
-549 10
-367 10
-351 10
-271 10
-221 10
99 10
217 10
281 10
357 10
827 10
-925 11
-861 11
-831 11
-805 11
-772 11
-694 11
-642 11
-519 11
-494 11
-354 11
-304 11
-112 11
-109 11
-75 11
-54 11
38 11
43 11
69 11
256 11
260 11
313 11
321 11
509 11
562 11
728 11
882 11
933 11
-437 12
-193 12
-155 12
305 12
583 12
935 12
-857 13
-808 13
-577 13
-502 13
-441 13
-369 13
-309 13
-166 13
-146 13
-35 13
58 13
63 13
112 13
120 13
170 13
198 13
412 13
746 13
763 13
779 13
929 13
941 13
953 13
-955 14
-869 14
-683 14
-435 14
-409 14
-355 14
157 14
319 14
395 14
711 14
731 14
927 14
-776 15
-674 15
-404 15
-383 15
-317 15
-268 15
-217 15
-176 15
74 15
353 15
404 15
407 15
418 15
437 15
692 15
907 15
929 15
-971 16
-907 16
-503 16
-439 16
-301 16
-249 16
19 16
105 16
157 16
461 16
757 16
927 16
941 16
-989 17
-978 17
-707 17
-677 17
-619 17
-572 17
-559 17
-541 17
-359 17
-338 17
-334 17
-313 17
-273 17
120 17
367 17
502 17
618 17
620 17
687 17
772 17
803 17
894 17
949 17
959 17
-827 18
-425 18
-91 18
-85 18
199 18
415 18
419 18
-701 19
-668 19
-465 19
-264 19
-216 19
-164 19
-60 19
8 19
14 19
27 19
84 19
102 19
192 19
225 19
303 19
320 19
434 19
445 19
552 19
726 19
858 19
872 19
997 19
-433 20
-19 20
7 20
527 20
579 20
743 20
-743 21
-460 21
-293 21
-17 21
505 21
817 21
-987 22
-905 22
-711 22
-543 22
-469 22
-157 22
425 22
431 22
479 22
639 22
-985 23
-914 23
-867 23
-751 23
-726 23
-692 23
-670 23
-627 23
-534 23
-533 23
-348 23
-47 23
73 23
140 23
182 23
432 23
477 23
538 23
546 23
569 23
710 23
829 23
949 23
995 23
-601 24
-245 24
43 24
65 24
79 24
347 24
815 24
-708 25
-594 25
-456 25
-334 25
-157 25
-27 25
-4 25
11 25
56 25
97 25
101 25
181 25
272 25
578 25
586 25
602 25
777 25
957 25
-851 26
-57 26
599 26
991 26
-887 27
-878 27
-871 27
-313 27
-295 27
-238 27
-178 27
37 27
196 27
373 27
911 27
923 27
-673 28
135 28
373 28
575 28
605 28
-969 29
-824 29
-780 29
-678 29
-670 29
-528 29
-343 29
-170 29
-121 29
3 29
62 29
123 29
194 29
585 29
765 29
772 29
795 29
988 29
-673 30
-343 30
997 30
-991 31
-810 31
-692 31
-547 31
-334 31
-313 31
-230 31
-120 31
-9 31
214 31
824 31
-917 32
-309 32
-159 32
281 32
337 32
769 32
859 32
-640 33
-610 33
-449 33
-304 33
530 33
994 33
-669 34
-499 34
403 34
911 34
-839 35
-696 35
-492 35
-233 35
-213 35
-43 35
211 35
323 35
388 35
541 35
-107 36
271 36
341 36
-718 37
-598 37
-466 37
-165 37
-104 37
-103 37
255 37
418 37
505 37
603 37
-825 38
-375 38
-357 38
-67 38
283 38
547 38
789 38
889 38
-743 39
-568 39
-563 39
-440 39
-385 39
-263 39
-148 39
-134 39
166 39
184 39
443 39
508 39
737 39
-673 40
-597 40
-393 40
441 40
-774 41
-722 41
-568 41
-337 41
-193 41
-185 41
-49 41
228 41
332 41
456 41
490 41
774 41
948 41
-1 42
755 42
-996 43
-835 43
-786 43
-685 43
-475 43
-406 43
-366 43
-240 43
-232 43
-67 43
120 43
145 43
155 43
168 43
179 43
277 43
618 43
669 43
803 43
-281 44
57 44
325 44
431 44
651 44
-178 45
-151 45
-56 45
292 45
548 45
626 45
941 45
-591 46
-551 46
-271 46
255 46
337 46
381 46
455 46
-928 47
-829 47
-696 47
-167 47
172 47
316 47
388 47
-343 48
-89 48
-541 49
-193 49
-94 49
529 49
600 49
989 49
-981 50
-737 50
-297 50
-259 50
487 50
501 50
0 0
1277 561 1
1013 755 1
11953 3215 1
11321 6712 1
1301 19 1
25147 8560 1
39359 9635 1
1609 1572 1
307 38 2
3433 1084 1
139 58 6
1439 1354 1
3407 1397 1
3041 2137 1
1091 412 2
569 133 2
6959 1619 1
3121 2919 1
1283 877 2
89 56 11
1607 1492 2
8053 953 1
2903 1889 1
4157 1203 1
8467 6562 1
461 87 5
1181 51 1
8171 4625 1
211 10 6
21929 14035 1
971 402 1
2647 1693 1
1471 74 1
45307 36716 1
14627 7542 1
863 210 1
1279 1044 1
569 315 2
6197 1150 1
47 42 21
443 412 2
3581 928 1
2689 1392 1
12143 1457 1
2099 334 1
587 47 1
2399 985 1
3251 2010 1
17959 4168 1
16481 1255 1
5 1 83
59 48 14
5801 3132 1
83 6 7
3691 2811 1
2731 2496 1
3121 309 1
223 156 2
409 362 3
4159 1141 1
13 1 45
4507 2613 1
18149 11834 1
4817 2996 1
103 0 8
317 155 5
83 39 4
211 204 4
251 132 2
14939 7854 1
211 210 7
2381 932 1
10193 5933 1
4721 1390 1
29 25 21
2579 1138 1
2111 1418 1
2089 1323 1
3343 2048 1
13709 8043 1
311 90 2
13829 8235 1
269 31 3
823 652 2
1627 466 1
569 185 1
5501 1422 1
1847 871 1
8629 2718 1
353 301 5
1201 430 1
1993 1667 1
2017 1119 1
12941 6931 1
2657 432 1
373 298 3
34511 32910 1
2791 353 1
6311 611 1
7877 4270 1
3259 594 1
2383 1427 1
1753 554 1
1297 1203 2
14627 8496 1
317 22 4
7243 5219 1
28309 22271 1
1531 1331 1
839 313 1
1361 1101 1
6199 1464 1
6803 6371 1
8431 816 1
83 46 9
347 254 3
673 604 3
3301 1725 1
173 39 5
1699 558 1
5749 1985 1
41399 15386 1
1613 71 1
1259 284 1
7639 6146 1
103 37 8
2141 94 1
9403 3959 1
5039 2673 1
2579 645 1
281 270 4
2333 1973 1
3593 2034 1
12277 7509 1
263 175 5
7789 3742 1
8971 985 1
1583 1435 1
2309 744 1
12689 8373 1
1249 222 2
61 32 12
3 0 155
2339 1366 1
7 3 53
9923 9308 1
499 89 2
11 6 43
1427 74 1
1523 320 1
7517 2335 1
1327 1299 1
14543 2119 1
3343 353 1
1451 71 1
727 122 2
12073 8310 1
1201 494 1
1181 146 1
257 167 5
6043 863 1
2083 840 1
4261 3351 2
1667 1018 1
21187 8344 1
1931 830 1
293 125 4
8839 3500 1
2029 1707 1
2503 272 1
1871 953 1
7753 460 1
857 91 1
937 849 2
3557 1077 1
10433 8034 1
19319 9961 1
7879 5528 1
563 211 2
1783 344 2
631 91 2
821 291 1
349 65 2
4003 229 1
9029 1045 1
659 64 1
35419 7642 1
5197 684 1
787 247 1
8269 2603 1
331 6 3
7001 6281 1
941 141 1
1621 677 1
11437 3735 1
4073 2732 1
941 150 1
3719 2046 1
577 134 1
1801 1169 1
3583 2920 1
677 362 2
4637 4121 1
2251 1708 1
5749 4062 1
4259 3087 1
3821 1646 1
2417 152 1
14923 11403 1
1033 941 1
1747 1673 2
59 7 10
1621 859 1
9781 277 1
2011 1491 1
59 19 11
5147 1763 1
1667 1442 1
677 535 1
1033 72 2
983 921 1
9067 1489 1
10501 6400 1
809 706 3
5 -1 78
13219 8913 1
977 695 1
4409 3529 1
13259 11157 1
8191 5668 1
71 43 17
5573 5187 1
479 389 5
743 707 1
1733 718 1
929 410 1
11383 718 1
2357 960 1
1777 1039 1
2153 540 1
103 1 7
2333 106 1
8287 3601 1
60649 31083 1
2393 409 1
8287 401 1
2633 2186 1
1069 587 2
1637 1044 1
967 639 1
2741 994 1
37 17 17
12893 4128 1
41 14 15
5669 4174 1
1201 380 2
1931 1478 1
131 123 6
739 392 2
16567 4670 1
193 158 6
4481 2603 1
15551 14331 1
28909 20564 1
2341 2095 2
1721 945 1
2153 740 1
4967 2061 1
5669 4725 1
5879 266 1
1567 185 1
6571 4502 1
26863 9883 1
743 425 2
4297 2677 1
1229 889 2
563 478 1
109 79 6
1789 358 1
617 141 2
6947 827 1
199 78 4
499 229 2
607 433 1
11731 1551 1
1033 103 1
4019 1907 1
1301 811 1
251 9 3
4099 355 1
1657 354 1
463 435 2
4937 764 1
2383 1970 1
5563 4468 1
1093 424 1
107 20 4
2377 2268 1
173 70 5
677 638 2
2389 458 1
4241 824 1
3373 2547 1
5261 1939 1
1783 457 1
431 174 3
337 202 2
37691 2781 1
1303 764 2
5737 266 1
20747 19897 1
421 61 4
2153 1143 1
3631 2651 1
8609 5858 1
139 41 7
5849 3292 1
2027 1240 1
11 10 40
18451 2218 1
881 347 2
23873 16356 1
1217 822 1
7417 3510 1
1861 1540 1
467 284 3
8009 6137 1
1061 333 1
1889 1507 1
9829 9376 1
2281 475 1
997 63 3
3671 1353 1
839 717 2
10007 5498 1
19009 15053 1
4943 1801 1
10303 8468 1
5119 1376 1
1123 505 1
3607 2497 1
487 296 2
29927 23452 1
431 2 2
3919 1225 1
2029 294 1
1361 1148 1
2609 2546 1
1361 1169 1
14621 8853 1
1103 208 2
509 168 2
9277 2671 1
3529 2561 1
433 309 1
4093 214 1
3989 3728 1
1433 1073 1
499 460 2
4673 650 1
4133 1053 1
173 119 7
2473 2164 1
9277 3213 1
8297 2934 1
131 63 6
1693 409 1
2963 2512 1
131 75 7
769 543 1
617 426 1
4987 152 1
6781 2677 1
1321 24 1
1553 1301 1
21163 19780 1
17827 9842 1
1187 1154 2
2377 1993 1
1009 942 1
11863 5219 1
11131 10810 1
521 350 1
14723 4905 1
1933 1838 1
1063 1001 2
163 75 6
163 78 7
739 523 1
1163 336 1
6971 3050 1
4463 1621 1
1249 859 1
19913 7178 1
5981 1277 1
277 184 4
10343 7451 1
79 11 8
1109 346 2
5 3 84
4229 246 1
1973 46 1
641 233 3
39971 33894 1
34949 8564 1
67 56 10
38219 33759 1
10037 1171 1
919 679 2
24391 8567 1
2531 813 1
5927 5014 1
317 175 3
1321 918 2
8963 8389 1
5279 2513 1
37 3 13
2657 231 1
12517 9239 1
7103 2022 1
2347 1268 1
2609 2244 1
15083 12644 1
29629 7008 1
37 24 17
1487 282 1
4111 2817 1
401 64 2
709 697 1
1301 94 1
3931 3781 1
8011 5407 1
449 1 3
241 90 2
3571 2461 1
1153 1001 2
643 195 2
5507 3972 1
1669 658 1
5851 4950 1
797 583 1
617 118 1
9973 8564 1
8377 4313 1
1949 851 1
21163 6889 1
3623 2797 1
821 47 2
3371 2065 1
2 1 105
14923 5797 1
2339 1489 1
2237 627 1
19421 6992 1
11443 4077 1
9281 6668 1
827 818 5
743 575 1
5441 2196 1
2287 302 1
32321 16565 1
6079 4477 1
4463 2179 1
1559 1276 1
251 4 4
157 32 9
28081 21898 1
6473 4210 1
653 624 2
2207 592 2
20389 9775 1
36643 6275 1
1753 1104 1
383 199 1
11801 816 1
379 208 3
26161 17690 1
271 10 5
35089 14669 1
12433 1052 1
14983 3070 1
3769 1471 1
733 13 3
9341 7141 1
2069 344 2
821 768 1
193 32 5
523 373 2
2543 722 1
701 210 2
2083 1502 2
3917 3556 1
61 13 13
30307 18491 1
431 175 4
5347 4252 1
5527 5229 1
563 337 2
1787 1369 1
2389 1909 1
3517 2719 1
1499 316 1
139 42 5
1129 556 1
61 40 16
17509 9033 1
1097 226 1
9929 8137 1
389 140 3
7 5 201
1489 96 1
11 2 45
4783 2536 1
16831 8256 1
2377 656 1
2267 714 1
3079 2311 1
419 351 2
28463 15979 1
359 84 1
353 349 2
1009 31 1
23 17 30
4723 4201 1
883 122 2
773 686 2
10601 2818 1
883 131 1
1993 825 1
5009 3736 1
523 225 2
4139 3920 1
13933 1239 1
991 862 2
2393 305 1
2647 2198 2
883 670 3
2411 1436 1
11839 9640 1
1367 881 1
523 249 1
853 87 1
4729 2189 1
1321 1227 1
2027 560 1
8887 7032 1
149 108 6
2549 848 1
761 383 2
3779 1228 1
887 307 1
239 113 4
2137 1544 1
19421 1195 1
26237 8257 1
353 64 3
0 0
