-968 1
-898 1
-880 1
-826 1
-821 1
-781 1
-727 1
-723 1
-720 1
-653 1
-642 1
-597 1
-593 1
-519 1
-456 1
-453 1
-448 1
-443 1
-360 1
-347 1
-261 1
-235 1
-213 1
-150 1
-122 1
-62 1
-39 1
3 1
31 1
46 1
61 1
75 1
123 1
143 1
185 1
210 1
222 1
243 1
255 1
266 1
270 1
284 1
320 1
336 1
337 1
344 1
351 1
354 1
362 1
432 1
433 1
461 1
475 1
516 1
558 1
587 1
638 1
656 1
670 1
684 1
718 1
794 1
816 1
824 1
859 1
904 1
-947 2
-871 2
-839 2
-645 2
-491 2
-303 2
-281 2
-253 2
-105 2
-95 2
-81 2
-57 2
-7 2
223 2
247 2
249 2
369 2
457 2
471 2
735 2
781 2
-991 3
-880 3
-796 3
-751 3
-736 3
-731 3
-608 3
-532 3
-512 3
-490 3
-475 3
-466 3
-356 3
-335 3
-232 3
-194 3
-95 3
-71 3
-62 3
8 3
35 3
79 3
88 3
208 3
281 3
362 3
388 3
533 3
784 3
788 3
809 3
-751 4
-691 4
-633 4
-575 4
-359 4
-341 4
-267 4
-265 4
-239 4
-225 4
-103 4
79 4
321 4
405 4
413 4
519 4
843 4
-849 5
-831 5
-804 5
-673 5
-654 5
-652 5
-507 5
-497 5
-368 5
-289 5
-221 5
-178 5
-177 5
-176 5
-136 5
-99 5
-66 5
-24 5
8 5
9 5
88 5
93 5
109 5
174 5
187 5
261 5
304 5
309 5
344 5
404 5
448 5
497 5
589 5
661 5
736 5
753 5
894 5
903 5
949 5
-823 6
-359 6
-197 6
-151 6
-131 6
-95 6
305 6
317 6
499 6
695 6
-951 7
-846 7
-836 7
-640 7
-508 7
-134 7
-32 7
-2 7
88 7
96 7
148 7
165 7
204 7
206 7
310 7
341 7
457 7
572 7
944 7
964 7
-975 8
-721 8
-669 8
-559 8
-175 8
-63 8
93 8
99 8
133 8
303 8
493 8
495 8
527 8
561 8
577 8
-553 9
-470 9
-356 9
-296 9
133 9
164 9
376 9
539 9
647 9
839 9
-929 10
-887 10
-713 10
-549 10
-429 10
-409 10
-391 10
-367 10
-351 10
-271 10
-107 10
99 10
103 10
239 10
279 10
281 10
287 10
357 10
827 10
-939 11
-925 11
-919 11
-904 11
-861 11
-772 11
-676 11
-642 11
-617 11
-438 11
-432 11
-92 11
-54 11
64 11
69 11
203 11
256 11
260 11
321 11
368 11
816 11
882 11
-437 12
-413 12
-173 12
583 12
-990 13
-857 13
-808 13
-185 13
-166 13
-146 13
58 13
112 13
120 13
122 13
412 13
552 13
703 13
733 13
779 13
828 13
929 13
941 13
-955 14
-869 14
-683 14
-435 14
-355 14
-181 14
177 14
395 14
499 14
625 14
711 14
-404 15
-383 15
-268 15
-176 15
-116 15
74 15
404 15
407 15
418 15
437 15
692 15
754 15
901 15
907 15
929 15
-971 16
-503 16
-301 16
-249 16
105 16
157 16
355 16
461 16
779 16
941 16
-978 17
-707 17
-693 17
-677 17
-619 17
-559 17
-359 17
-273 17
120 17
268 17
300 17
309 17
358 17
367 17
433 17
618 17
772 17
803 17
894 17
949 17
959 17
991 17
-959 18
-827 18
-673 18
-425 18
-85 18
-71 18
25 18
199 18
415 18
769 18
-701 19
-668 19
-424 19
-393 19
-295 19
-264 19
-232 19
-220 19
-216 19
36 19
59 19
102 19
192 19
223 19
288 19
303 19
320 19
336 19
445 19
504 19
858 19
872 19
990 19
997 19
-623 20
-433 20
-261 20
-207 20
-201 20
-161 20
-33 20
33 20
407 20
651 20
743 20
-460 21
-293 21
-17 21
-13 21
104 21
356 21
817 21
859 21
-987 22
-905 22
-711 22
-543 22
-469 22
-141 22
479 22
639 22
-985 23
-867 23
-865 23
-797 23
-726 23
-670 23
-534 23
-410 23
-348 23
-300 23
-33 23
140 23
220 23
231 23
402 23
432 23
477 23
515 23
538 23
546 23
550 23
569 23
673 23
710 23
949 23
982 23
995 23
-601 24
-497 24
43 24
65 24
479 24
775 24
815 24
-456 25
-103 25
-27 25
11 25
97 25
101 25
174 25
181 25
272 25
433 25
513 25
578 25
586 25
606 25
777 25
798 25
912 25
-525 26
-229 26
-17 26
123 26
557 26
599 26
721 26
-887 27
-878 27
-871 27
-844 27
-760 27
-637 27
-578 27
-178 27
-83 27
37 27
296 27
373 27
470 27
923 27
135 28
373 28
575 28
629 28
-821 29
-811 29
-780 29
-670 29
-528 29
-313 29
-185 29
-149 29
-132 29
-121 29
-104 29
3 29
62 29
89 29
194 29
257 29
772 29
785 29
983 29
-673 30
-79 30
229 30
997 30
-810 31
-748 31
-692 31
-636 31
-547 31
-474 31
-307 31
-268 31
-230 31
-9 31
51 31
253 31
668 31
945 31
-583 32
-323 32
-309 32
201 32
281 32
341 32
383 32
769 32
-610 33
298 33
709 33
824 33
994 33
-571 34
-499 34
-215 34
107 34
137 34
345 34
681 34
785 34
911 34
-893 35
-692 35
-472 35
-43 35
-19 35
211 35
323 35
342 35
541 35
631 35
687 35
872 35
271 36
485 36
-718 37
-466 37
-425 37
-235 37
-165 37
-104 37
418 37
577 37
584 37
603 37
835 37
898 37
984 37
-913 38
-825 38
-783 38
-375 38
-67 38
51 38
169 38
547 38
789 38
987 38
-568 39
-563 39
-350 39
-263 39
-209 39
-148 39
166 39
184 39
392 39
443 39
509 39
737 39
760 39
-753 40
-673 40
-597 40
109 40
-568 41
-427 41
-250 41
-200 41
-52 41
-49 41
228 41
275 41
455 41
456 41
458 41
490 41
641 41
906 41
-415 42
989 42
-987 43
-835 43
-786 43
-707 43
-685 43
-557 43
-366 43
-240 43
-232 43
-103 43
120 43
145 43
155 43
168 43
179 43
255 43
390 43
618 43
669 43
167 44
325 44
-317 45
-178 45
-151 45
-56 45
904 45
934 45
97 46
255 46
971 46
-981 47
-928 47
-696 47
-167 47
-115 47
316 47
388 47
622 47
690 47
741 47
864 47
-829 48
-343 48
107 48
163 48
-659 49
-519 49
-260 49
-1 49
776 49
-989 50
-981 50
-297 50
501 50
0 0
1277 561 1
1013 755 2
11321 6712 1
1301 19 1
25147 8560 1
1609 1572 1
307 38 1
139 58 5
1439 1354 1
3407 1397 1
3041 2137 1
853 808 1
569 133 2
1283 877 2
1579 1534 1
3083 1839 1
89 56 9
1607 1492 2
2903 1889 1
28517 795 1
3373 1371 1
461 87 3
1181 51 1
8171 4625 1
211 10 6
21929 14035 1
971 402 2
2647 1693 1
1471 74 1
45307 36716 1
14627 7542 1
863 210 3
1279 1044 1
6277 2301 1
569 315 2
6197 1150 1
13003 11692 1
5659 3720 1
47 42 20
5087 1477 1
443 412 1
3581 928 1
2633 592 1
2099 334 1
5897 5655 1
3251 2010 1
17959 4168 1
16481 1255 1
5 1 81
59 48 11
9857 5303 1
83 6 9
3691 2811 1
2731 2496 1
223 156 4
409 362 2
4219 1030 1
4159 1141 1
13 1 40
9521 1527 1
18149 11834 1
4817 2996 1
103 0 8
317 155 3
83 39 6
211 204 5
4289 2985 1
251 132 4
9857 1621 1
18251 17840 1
211 210 8
5297 3642 1
2803 1525 1
29 25 21
2579 1138 1
30469 9052 1
2111 1418 1
1783 431 1
3343 2048 1
5801 2427 1
13709 8043 1
311 90 3
13829 8235 1
269 31 5
823 652 1
569 185 1
3019 1085 1
3121 143 1
5501 1422 1
1847 871 1
8629 2718 1
353 301 4
1201 430 1
1993 1667 1
2017 1119 1
12941 6931 1
2657 432 1
21787 5325 1
1087 119 2
33113 27031 1
2999 1669 1
373 298 4
8963 270 1
34511 32910 1
2633 1510 1
3259 594 1
2383 1427 1
1753 554 1
1297 1203 2
14627 8496 1
8963 794 1
317 22 4
7243 5219 1
2897 1733 1
28309 22271 1
1901 186 1
839 313 2
1361 1101 2
21143 17741 1
4337 869 1
1373 1092 1
8431 816 1
83 46 7
347 254 3
673 604 1
173 39 9
1699 558 2
5749 1985 1
41399 15386 1
1613 71 1
1259 284 1
7639 6146 1
103 37 7
2141 94 1
2579 645 1
281 270 6
3253 2863 1
2333 1973 1
3593 2034 1
263 175 3
7789 3742 1
23057 16005 1
1583 1435 1
2309 744 1
4229 2288 1
1249 222 1
61 32 14
3 0 172
2339 1366 1
7 3 54
9923 9308 1
499 89 2
941 119 1
11 6 44
9973 2949 1
1523 320 1
7517 2335 1
1327 1299 1
727 122 1
12073 8310 1
4957 1511 1
1201 494 1
1181 146 2
257 167 3
2971 1778 1
6043 863 1
2083 840 1
4261 3351 1
1667 1018 1
21187 8344 1
293 125 4
8839 3500 1
2029 1707 1
857 91 1
937 849 2
3557 1077 1
10433 8034 1
563 211 1
1783 344 2
631 91 2
821 291 2
349 65 1
17189 9691 1
9029 1045 1
659 64 1
5197 684 1
6841 5256 1
787 247 2
8971 6050 1
15727 9615 1
331 6 4
7001 6281 1
27551 24703 1
941 141 1
1621 677 1
11437 3735 1
1993 187 1
941 150 1
16573 12331 1
577 134 4
1801 1169 1
3583 2920 1
4973 3286 1
919 463 1
677 362 3
47419 25202 1
1733 914 1
2251 1708 1
21397 8881 1
4259 3087 1
3821 1646 1
1867 433 1
7883 4862 1
14923 11403 1
48679 42874 1
1747 1673 2
59 7 15
1621 859 1
2011 1491 1
59 19 15
2557 1734 1
1667 1442 1
1033 72 2
983 921 1
1619 237 1
10501 6400 1
809 706 1
5 -1 88
977 695 1
4409 3529 1
13259 11157 1
8039 2324 1
71 43 10
479 389 2
743 707 2
1733 718 1
929 410 3
11383 718 1
1777 1039 2
2153 540 1
103 1 8
2333 106 1
6553 5496 1
2393 409 1
8287 401 1
2633 2186 1
1069 587 2
3593 2507 1
1637 1044 2
967 639 1
2741 994 1
37 17 12
739 371 1
41 14 13
2029 1432 1
1201 380 1
1931 1478 1
131 123 6
739 392 2
193 158 8
919 866 2
4481 2603 1
2341 2095 1
1721 945 1
4967 2061 1
5669 4725 1
5879 266 1
1567 185 2
6571 4502 1
26863 9883 1
3109 1582 1
743 425 1
4297 2677 1
1229 889 2
563 478 2
1733 1463 1
109 79 6
1789 358 2
617 141 2
199 78 7
5683 5008 1
499 229 2
607 433 2
5011 4469 1
4019 1907 1
1301 811 1
251 9 6
4099 355 1
1657 354 2
463 435 2
4937 764 1
2383 1970 2
5563 4468 1
757 339 1
9473 7668 1
4937 4494 1
1093 424 1
107 20 8
5779 2587 1
2377 2268 1
839 475 1
173 70 5
677 638 2
2389 458 1
4241 824 1
3373 2547 1
1783 457 1
431 174 4
337 202 2
1303 764 1
5737 266 1
421 61 4
2153 1143 1
3631 2651 1
8609 5858 1
139 41 7
5849 3292 1
2027 1240 1
2381 143 1
13763 2234 1
11 10 41
18451 2218 1
881 347 2
7417 3510 1
39419 31369 1
4447 1182 1
467 284 3
1061 333 1
9829 9376 1
2281 475 1
997 63 2
3671 1353 1
839 717 2
10007 5498 1
19009 15053 1
4943 1801 1
10303 8468 1
5119 1376 1
1123 505 1
487 296 2
29927 23452 1
431 2 3
3581 1914 2
2029 294 1
1361 1148 1
16061 904 1
12347 11624 1
47129 19919 1
1361 1169 1
1103 208 1
509 168 2
9277 2671 1
3529 2561 1
433 309 3
3989 3728 1
1433 1073 1
499 460 3
4673 650 1
4133 1053 1
10477 6585 1
173 119 6
12527 1099 1
2473 2164 1
9277 3213 1
131 63 6
1693 409 1
2963 2512 1
131 75 9
769 543 1
617 426 1
4987 152 1
6781 2677 1
1949 1677 2
21163 19780 1
17827 9842 1
1187 1154 2
1697 954 1
1009 942 1
11863 5219 1
521 350 2
1933 1838 1
1063 1001 1
163 75 5
163 78 5
14081 3062 1
5669 1504 1
739 523 1
1163 336 1
6971 3050 1
4463 1621 1
6673 354 1
9839 3641 1
8369 4833 1
10243 3996 1
1249 859 1
5981 1277 1
277 184 3
10343 7451 1
79 11 8
1109 346 3
5 3 78
1669 306 1
4229 246 1
1973 46 1
1667 1074 1
641 233 3
1597 51 1
39971 33894 1
4007 2940 1
67 56 14
38219 33759 1
10037 1171 1
919 679 1
3163 507 1
24391 8567 1
2531 813 1
317 175 2
1321 918 1
5779 4998 1
5279 2513 1
37 3 17
2657 231 1
12517 9239 1
2347 1268 1
2609 2244 1
9173 5752 1
4219 193 1
37 24 16
1487 282 1
3613 1987 1
4111 2817 1
401 64 2
3943 1435 1
709 697 1
1301 94 2
2269 1805 2
3931 3781 1
449 1 4
241 90 2
8807 8448 1
3571 2461 1
1153 1001 1
643 195 2
5507 3972 1
797 583 1
617 118 2
4639 3912 1
8377 4313 1
3623 2797 1
821 47 2
2 1 106
2339 1489 1
2237 627 1
19421 6992 1
11443 4077 1
9281 6668 1
827 818 2
743 575 1
5441 2196 1
6079 4477 1
4463 2179 1
251 4 3
157 32 4
6473 4210 1
653 624 1
18617 808 1
9473 3939 1
2207 592 1
20389 9775 1
1753 1104 1
383 199 1
11801 816 1
379 208 3
271 10 4
9241 6407 1
35089 14669 1
12433 1052 1
733 13 2
853 196 1
2069 344 1
193 32 2
523 373 2
2543 722 1
9547 1810 1
701 210 3
2083 1502 3
15269 2629 1
3917 3556 1
61 13 11
30307 18491 1
431 175 4
5347 4252 1
5527 5229 1
563 337 2
1787 1369 1
2389 1909 1
1499 316 1
139 42 6
1129 556 1
61 40 13
16001 4114 1
1097 226 1
9929 8137 1
389 140 4
1051 60 1
7 5 211
1489 96 1
11 2 53
2377 656 2
2267 714 1
12601 1241 1
419 351 2
2683 1956 2
28463 15979 1
359 84 3
353 349 2
1009 31 3
23 17 31
1249 790 1
883 122 2
773 686 1
883 131 2
5009 3736 1
523 225 3
4139 3920 1
991 862 1
2393 305 1
883 670 2
2411 1436 1
11839 9640 1
1367 881 1
523 249 1
4729 2189 1
2027 560 1
8887 7032 1
20939 19679 1
149 108 4
2549 848 2
1709 713 1
761 383 2
3779 1228 1
887 307 1
239 113 3
2137 1544 1
19421 1195 1
353 64 3
0 0
