-995 1
-968 1
-961 1
-929 1
-821 1
-797 1
-781 1
-776 1
-766 1
-723 1
-700 1
-642 1
-597 1
-593 1
-522 1
-480 1
-453 1
-449 1
-448 1
-443 1
-429 1
-384 1
-321 1
-318 1
-282 1
-235 1
-171 1
-150 1
-135 1
-88 1
-62 1
3 1
24 1
31 1
32 1
38 1
46 1
61 1
63 1
71 1
89 1
90 1
143 1
152 1
206 1
210 1
229 1
243 1
266 1
284 1
336 1
344 1
351 1
378 1
385 1
418 1
424 1
475 1
516 1
558 1
572 1
592 1
611 1
638 1
656 1
670 1
677 1
684 1
718 1
764 1
816 1
859 1
904 1
953 1
985 1
-947 2
-869 2
-839 2
-827 2
-733 2
-491 2
-319 2
-303 2
-281 2
-105 2
-81 2
-7 2
247 2
313 2
369 2
471 2
515 2
535 2
639 2
735 2
759 2
809 2
867 2
921 2
-991 3
-880 3
-856 3
-796 3
-751 3
-736 3
-731 3
-608 3
-547 3
-532 3
-512 3
-475 3
-466 3
-356 3
-335 3
-92 3
-71 3
88 3
148 3
199 3
281 3
301 3
388 3
533 3
604 3
688 3
743 3
788 3
809 3
898 3
-863 4
-693 4
-691 4
-633 4
-597 4
-575 4
-343 4
-341 4
-239 4
-225 4
-103 4
45 4
271 4
319 4
321 4
343 4
601 4
843 4
937 4
-948 5
-914 5
-849 5
-804 5
-794 5
-766 5
-709 5
-683 5
-652 5
-613 5
-507 5
-497 5
-456 5
-187 5
-136 5
-122 5
-99 5
-66 5
-24 5
93 5
109 5
127 5
174 5
187 5
249 5
261 5
288 5
309 5
404 5
448 5
529 5
589 5
648 5
661 5
714 5
736 5
803 5
894 5
-691 6
-395 6
-265 6
-197 6
-131 6
-97 6
61 6
317 6
499 6
691 6
695 6
703 6
-874 7
-846 7
-640 7
-599 7
-508 7
-496 7
-331 7
-311 7
-187 7
-134 7
-32 7
-2 7
96 7
110 7
204 7
226 7
341 7
457 7
487 7
572 7
737 7
944 7
964 7
-775 8
-721 8
-669 8
-457 8
-349 8
-331 8
-271 8
-215 8
-135 8
99 8
139 8
303 8
495 8
561 8
-836 9
-754 9
-553 9
-470 9
-296 9
-181 9
-158 9
80 9
101 9
332 9
376 9
425 9
647 9
839 9
-929 10
-713 10
-571 10
-549 10
-429 10
-391 10
-367 10
-351 10
-271 10
-107 10
99 10
103 10
113 10
127 10
183 10
281 10
287 10
563 10
793 10
827 10
-939 11
-925 11
-919 11
-904 11
-831 11
-805 11
-694 11
-676 11
-648 11
-642 11
-617 11
-519 11
-438 11
-432 11
-304 11
-75 11
-54 11
-53 11
64 11
69 11
203 11
256 11
260 11
313 11
509 11
562 11
563 11
601 11
816 11
-437 12
-413 12
-227 12
-193 12
-155 12
305 12
583 12
935 12
-817 13
-655 13
-577 13
-502 13
-465 13
-441 13
-340 13
-252 13
-168 13
-146 13
-35 13
112 13
122 13
138 13
198 13
268 13
334 13
412 13
591 13
698 13
730 13
733 13
779 13
828 13
953 13
-869 14
-435 14
-255 14
-225 14
-181 14
71 14
157 14
319 14
395 14
499 14
625 14
711 14
927 14
-776 15
-383 15
-317 15
-217 15
-151 15
-128 15
74 15
292 15
353 15
418 15
692 15
754 15
901 15
929 15
-971 16
-907 16
-637 16
-503 16
-249 16
-187 16
-27 16
19 16
105 16
355 16
461 16
757 16
779 16
879 16
941 16
-989 17
-837 17
-707 17
-693 17
-677 17
-363 17
-359 17
-338 17
-334 17
-273 17
-50 17
65 17
162 17
268 17
300 17
358 17
433 17
465 17
491 17
515 17
620 17
824 17
949 17
-827 18
-673 18
-425 18
-71 18
79 18
419 18
769 18
803 18
-880 19
-841 19
-668 19
-430 19
-424 19
-295 19
-264 19
-232 19
-220 19
-60 19
8 19
14 19
27 19
36 19
59 19
84 19
102 19
192 19
336 19
686 19
773 19
872 19
990 19
-433 20
-261 20
-201 20
-33 20
-19 20
321 20
431 20
527 20
579 20
651 20
743 20
-743 21
-293 21
-13 21
104 21
320 21
356 21
505 21
827 21
-987 22
-905 22
-711 22
-543 22
-157 22
-141 22
477 22
479 22
639 22
-865 23
-692 23
-627 23
-534 23
-47 23
182 23
220 23
330 23
402 23
432 23
477 23
515 23
538 23
546 23
550 23
569 23
673 23
710 23
829 23
982 23
-497 24
-708 25
-594 25
-334 25
-239 25
-142 25
97 25
174 25
272 25
482 25
513 25
586 25
606 25
957 25
-525 26
-363 26
-235 26
123 26
557 26
599 26
-878 27
-871 27
-760 27
-637 27
-313 27
-295 27
-178 27
-83 27
196 27
206 27
373 27
448 27
470 27
527 27
911 27
965 27
-19 28
605 28
629 28
-969 29
-811 29
-780 29
-690 29
-670 29
-343 29
-185 29
-170 29
-149 29
-132 29
-121 29
-104 29
8 29
62 29
89 29
123 29
194 29
257 29
772 29
785 29
867 29
948 29
983 29
988 29
-673 30
-343 30
229 30
349 30
997 30
-991 31
-748 31
-584 31
-547 31
-536 31
-474 31
-120 31
253 31
474 31
824 31
-917 32
-869 32
-583 32
-309 32
-159 32
859 32
-640 33
-632 33
-610 33
-449 33
298 33
530 33
824 33
994 33
-669 34
-499 34
-215 34
115 34
137 34
403 34
681 34
807 34
911 34
-893 35
-839 35
-696 35
-692 35
-667 35
-492 35
-472 35
-233 35
-19 35
211 35
342 35
631 35
-107 36
341 36
353 36
485 36
649 36
-614 37
-466 37
-288 37
-165 37
-104 37
-103 37
255 37
505 37
577 37
605 37
898 37
984 37
-913 38
-805 38
-783 38
-357 38
283 38
547 38
987 38
-743 39
-568 39
-563 39
-440 39
-385 39
-209 39
-134 39
166 39
184 39
392 39
859 39
-753 40
-597 40
-393 40
-722 41
-568 41
-427 41
-200 41
-193 41
-52 41
-49 41
228 41
455 41
458 41
490 41
774 41
906 41
948 41
-1 42
989 42
-987 43
-835 43
-778 43
-557 43
-475 43
-366 43
-277 43
145 43
155 43
168 43
179 43
218 43
390 43
669 43
704 43
803 43
57 44
167 44
329 44
651 44
-317 45
-178 45
-56 45
73 45
728 45
904 45
941 45
-271 46
381 46
971 46
-928 47
-696 47
-121 47
196 47
741 47
864 47
-89 48
-659 49
-519 49
-489 49
-358 49
-1 49
529 49
600 49
776 49
989 49
-989 50
-849 50
487 50
501 50
0 0
1277 561 1
1013 755 2
25147 8560 1
1609 1572 1
307 38 1
139 58 5
8623 981 1
2741 572 1
1759 1457 1
1439 1354 1
3041 2137 1
1091 412 1
853 808 1
569 133 2
1283 877 2
1579 1534 1
3083 1839 1
6661 5856 1
89 56 7
1607 1492 2
8053 953 1
2903 1889 1
4157 1203 1
31319 21632 1
28517 795 1
11279 10961 1
3373 1371 1
461 87 4
1181 51 1
8171 4625 1
4153 2638 1
211 10 5
971 402 1
1471 74 1
863 210 2
1279 1044 2
6277 2301 1
569 315 2
6197 1150 1
13003 11692 1
47 42 18
443 412 2
2633 592 1
587 47 1
2399 985 2
5897 5655 1
3251 2010 1
17959 4168 1
2339 206 1
5 1 92
59 48 11
9857 5303 1
83 6 9
3691 2811 1
2731 2496 1
3121 309 1
223 156 3
409 362 3
4219 1030 1
4159 1141 1
13 1 44
4507 2613 1
18149 11834 1
4817 2996 2
103 0 8
317 155 4
83 39 5
211 204 4
4289 2985 1
251 132 5
9857 1621 1
18251 17840 1
211 210 6
13381 12533 1
10193 5933 1
1789 1553 1
5297 3642 1
2803 1525 1
29 25 18
2579 1138 1
2089 1323 1
3343 2048 1
5801 2427 1
13709 8043 1
311 90 3
269 31 2
823 652 2
569 185 2
3019 1085 1
3121 143 1
1847 871 1
8629 2718 1
353 301 4
1993 1667 1
2017 1119 1
12941 6931 1
2657 432 1
21787 5325 1
16249 13723 1
1087 119 2
33113 27031 1
2999 1669 1
373 298 4
34511 32910 1
6311 611 1
2633 1510 3
2383 1427 1
1753 554 1
1297 1203 2
14627 8496 1
317 22 5
2897 1733 1
28309 22271 1
1901 186 1
1531 1331 1
839 313 2
1361 1101 1
8093 981 1
21143 17741 1
6199 1464 1
1373 1092 1
8431 816 1
83 46 8
347 254 4
673 604 3
3301 1725 1
173 39 10
1699 558 1
2729 1798 1
1613 71 1
1259 284 1
7639 6146 1
103 37 9
2141 94 1
9403 3959 1
5039 2673 1
2579 645 1
281 270 5
9209 3789 1
2333 1973 1
3593 2034 1
12277 7509 1
263 175 3
8971 985 1
1583 1435 2
4229 2288 1
1249 222 1
2027 1230 1
61 32 14
3 0 155
2339 1366 1
7 3 51
9923 9308 1
499 89 3
11 6 51
1427 74 1
9973 2949 1
7517 2335 1
1327 1299 1
14543 2119 1
1451 71 1
727 122 1
1201 494 1
1181 146 1
257 167 5
2971 1778 1
6043 863 1
2083 840 1
4261 3351 1
1667 1018 1
1873 1188 1
1931 830 1
293 125 3
2029 1707 1
2503 272 1
1871 953 1
857 91 1
3181 2481 1
937 849 2
3557 1077 1
10433 8034 1
7879 5528 1
563 211 2
1783 344 2
821 291 3
349 65 1
17189 9691 1
4003 229 1
9029 1045 1
659 64 1
5197 684 1
787 247 3
15727 9615 1
331 6 2
7001 6281 1
27551 24703 1
941 141 1
1621 677 2
1993 187 1
941 150 2
3719 2046 1
577 134 4
1801 1169 1
3583 2920 1
4973 3286 1
677 362 1
8423 1113 1
1733 914 1
5749 4062 1
21397 8881 1
4259 3087 1
3821 1646 1
2417 152 1
5119 882 1
7883 4862 1
14923 11403 1
1033 941 1
1747 1673 1
59 7 14
1621 859 1
9781 277 1
2011 1491 1
59 19 15
5147 1763 1
2557 1734 1
1667 1442 1
677 535 1
1033 72 2
983 921 1
1619 237 1
9067 1489 1
809 706 1
5 -1 87
13219 8913 1
977 695 1
8039 2324 1
8191 5668 1
71 43 14
5573 5187 1
479 389 2
743 707 2
1733 718 1
929 410 1
11383 718 1
1777 1039 1
2153 540 1
103 1 6
2333 106 1
8287 3601 1
60649 31083 1
6553 5496 1
2393 409 1
8287 401 1
2633 2186 1
1069 587 3
13807 12210 1
1637 1044 2
967 639 1
2741 994 1
37 17 17
41 14 16
5669 4174 1
2029 1432 1
1201 380 2
1931 1478 1
131 123 7
193 158 7
919 866 1
4481 2603 1
2341 2095 1
1721 945 1
2153 740 1
4967 2061 1
5879 266 1
1567 185 1
6571 4502 1
26863 9883 1
3109 1582 1
743 425 2
4297 2677 1
1229 889 2
563 478 2
1733 1463 1
109 79 6
617 141 2
4657 3643 1
6577 2472 1
6947 827 1
199 78 5
5683 5008 1
499 229 2
607 433 2
11731 1551 1
1033 103 1
251 9 5
4099 355 1
1657 354 1
463 435 3
4937 764 1
2383 1970 1
5563 4468 1
757 339 1
9473 7668 1
4937 4494 1
1093 424 2
107 20 7
9241 378 1
5779 2587 1
839 475 2
173 70 6
677 638 2
2389 458 1
4241 824 1
3373 2547 1
5261 1939 1
1783 457 2
431 174 3
337 202 3
37691 2781 1
1303 764 1
5737 266 1
421 61 3
2153 1143 1
8609 5858 1
139 41 6
5849 3292 1
2027 1240 1
2381 143 1
11 10 42
18451 2218 1
881 347 2
23873 16356 1
1217 822 1
5279 421 1
1861 1540 1
467 284 3
1061 333 1
23447 8485 1
1889 1507 1
9829 9376 1
2281 475 2
997 63 2
3671 1353 1
839 717 2
10007 5498 1
19009 15053 1
4943 1801 1
5119 1376 1
1123 505 1
3719 385 1
487 296 2
29927 23452 1
431 2 3
3919 1225 1
3581 1914 1
2029 294 1
1361 1148 1
16061 904 1
12347 11624 1
47129 19919 1
2609 2546 1
11587 4305 1
1361 1169 1
9161 5682 1
7001 584 1
1103 208 1
509 168 2
3529 2561 1
433 309 2
19477 2905 1
4093 214 1
3989 3728 1
1433 1073 1
499 460 3
10477 6585 1
173 119 5
12527 1099 1
2749 38 1
4051 2480 1
131 63 6
1693 409 1
131 75 8
769 543 1
617 426 1
4987 152 1
1321 24 1
1949 1677 1
21163 19780 1
17827 9842 1
1187 1154 1
2377 1993 1
1697 954 1
1009 942 2
11863 5219 1
11131 10810 1
521 350 2
1933 1838 1
1063 1001 1
163 75 8
163 78 3
14081 3062 1
5669 1504 1
739 523 1
1163 336 1
9839 3641 1
8369 4833 1
10243 3996 1
1249 859 1
19913 7178 1
5981 1277 1
277 184 3
79 11 9
1109 346 2
5 3 88
1669 306 1
1973 46 1
1667 1074 1
641 233 3
1597 51 1
4007 2940 1
34949 8564 1
67 56 11
10037 1171 1
919 679 1
3163 507 1
23081 7039 1
24391 8567 1
2531 813 2
317 175 2
1321 918 2
8963 8389 1
5779 4998 1
37 3 17
2347 1268 1
2609 2244 1
15083 12644 1
9173 5752 1
29629 7008 1
4219 193 1
37 24 15
1487 282 1
3613 1987 1
401 64 1
3943 1435 1
709 697 1
1301 94 1
2269 1805 1
3931 3781 1
8011 5407 1
449 1 4
241 90 3
8807 8448 1
3571 2461 1
1153 1001 1
643 195 2
5507 3972 1
1669 658 1
797 583 1
617 118 2
9973 8564 1
1949 851 2
3623 2797 1
821 47 2
3371 2065 1
2 1 108
2339 1489 1
2237 627 1
11443 4077 1
9281 6668 1
827 818 3
743 575 1
32321 16565 1
6079 4477 1
4463 2179 1
2657 1485 1
251 4 3
157 32 8
653 624 1
9473 3939 1
2207 592 1
20389 9775 1
36643 6275 1
1753 1104 1
11801 816 1
379 208 3
26161 17690 1
271 10 4
9241 6407 1
35089 14669 1
14983 3070 1
3769 1471 1
733 13 2
9341 7141 1
853 196 1
2069 344 2
821 768 1
193 32 6
523 373 2
2543 722 1
9547 1810 1
701 210 2
2083 1502 3
15269 2629 1
3917 3556 1
61 13 14
431 175 3
5347 4252 1
5527 5229 1
563 337 2
1787 1369 1
2389 1909 2
3517 2719 1
1499 316 1
5011 4703 1
139 42 5
1129 556 1
61 40 13
16001 4114 1
1097 226 1
9929 8137 1
389 140 3
13907 8791 1
1051 60 2
7 5 222
1489 96 1
11 2 50
4783 2536 1
16831 8256 1
2377 656 3
2267 714 1
3079 2311 1
419 351 3
2683 1956 1
28463 15979 1
359 84 2
353 349 2
1009 31 1
23 17 33
1249 790 1
4723 4201 1
773 686 2
10601 2818 1
883 131 1
523 225 2
13933 1239 1
991 862 2
2647 2198 2
883 670 1
2411 1436 1
6269 6134 1
11839 9640 1
1367 881 1
523 249 1
853 87 1
2027 560 1
8887 7032 1
20939 19679 1
149 108 7
2549 848 2
761 383 3
887 307 1
239 113 3
2137 1544 1
353 64 5
0 0
