-968 1
-961 1
-929 1
-898 1
-880 1
-826 1
-776 1
-727 1
-723 1
-720 1
-700 1
-653 1
-593 1
-456 1
-453 1
-449 1
-443 1
-384 1
-347 1
-321 1
-282 1
-235 1
-170 1
-150 1
-90 1
-88 1
-52 1
-39 1
10 1
24 1
31 1
32 1
46 1
89 1
103 1
123 1
152 1
185 1
222 1
243 1
255 1
270 1
284 1
320 1
346 1
353 1
362 1
385 1
412 1
424 1
587 1
592 1
638 1
656 1
670 1
677 1
684 1
764 1
825 1
859 1
874 1
985 1
-965 2
-491 2
-303 2
-253 2
-219 2
-105 2
-57 2
97 2
249 2
471 2
515 2
557 2
735 2
781 2
809 2
867 2
-991 3
-880 3
-796 3
-751 3
-731 3
-662 3
-514 3
-509 3
-475 3
-466 3
-356 3
-335 3
-194 3
-71 3
-62 3
8 3
35 3
199 3
301 3
362 3
533 3
743 3
784 3
788 3
-751 4
-597 4
-341 4
-267 4
-265 4
-239 4
-225 4
-41 4
119 4
271 4
303 4
343 4
357 4
405 4
413 4
519 4
843 4
937 4
-948 5
-861 5
-849 5
-831 5
-804 5
-794 5
-766 5
-709 5
-673 5
-654 5
-652 5
-507 5
-497 5
-368 5
-289 5
-221 5
-178 5
-176 5
-136 5
-122 5
-102 5
-66 5
-63 5
8 5
9 5
86 5
88 5
93 5
127 5
174 5
249 5
288 5
304 5
309 5
344 5
402 5
497 5
673 5
714 5
736 5
753 5
803 5
851 5
894 5
903 5
-395 6
-265 6
-197 6
-131 6
-97 6
499 6
703 6
-968 7
-874 7
-643 7
-614 7
-331 7
-311 7
-214 7
-134 7
-90 7
-52 7
-2 7
59 7
148 7
204 7
226 7
341 7
372 7
457 7
590 7
717 7
722 7
964 7
-785 8
-775 8
-721 8
-691 8
-669 8
-559 8
-215 8
-175 8
-135 8
-63 8
99 8
139 8
313 8
495 8
527 8
577 8
-928 9
-853 9
-836 9
-754 9
-296 9
-158 9
-106 9
-10 9
101 9
164 9
376 9
451 9
512 9
-929 10
-887 10
-713 10
-597 10
-367 10
-351 10
-221 10
57 10
99 10
113 10
217 10
281 10
287 10
-939 11
-925 11
-919 11
-904 11
-861 11
-831 11
-772 11
-694 11
-676 11
-642 11
-617 11
-438 11
-354 11
-304 11
-179 11
-112 11
-92 11
38 11
64 11
69 11
203 11
256 11
368 11
509 11
562 11
563 11
816 11
882 11
933 11
-437 12
-173 12
305 12
583 12
935 12
-817 13
-808 13
-465 13
-441 13
-369 13
-309 13
-252 13
-168 13
-120 13
-35 13
30 13
58 13
63 13
122 13
268 13
334 13
591 13
698 13
733 13
746 13
-955 14
-869 14
-683 14
-255 14
15 14
157 14
177 14
319 14
395 14
499 14
625 14
731 14
927 14
-404 15
-383 15
-317 15
-251 15
-217 15
-151 15
-116 15
74 15
353 15
404 15
418 15
692 15
907 15
929 15
-971 16
-907 16
-637 16
-439 16
-365 16
-301 16
-249 16
-187 16
-27 16
119 16
157 16
355 16
461 16
779 16
927 16
-989 17
-707 17
-677 17
-636 17
-559 17
-363 17
-338 17
-273 17
21 17
65 17
367 17
419 17
465 17
502 17
687 17
824 17
894 17
991 17
-967 18
-959 18
-827 18
-673 18
-91 18
-71 18
25 18
769 18
781 18
-841 19
-465 19
-430 19
-393 19
-220 19
-164 19
-60 19
84 19
192 19
223 19
225 19
249 19
288 19
303 19
320 19
445 19
504 19
872 19
990 19
997 19
-623 20
-201 20
-161 20
-33 20
-19 20
431 20
527 20
743 20
-62 21
-17 21
104 21
817 21
859 21
-987 22
-711 22
-543 22
-141 22
479 22
581 22
-692 23
-670 23
-348 23
-312 23
-300 23
-204 23
182 23
330 23
432 23
515 23
673 23
710 23
829 23
885 23
886 23
949 23
982 23
983 23
-245 24
79 24
479 24
-651 25
-456 25
-239 25
-157 25
-142 25
-27 25
11 25
56 25
97 25
101 25
111 25
128 25
261 25
272 25
506 25
513 25
578 25
586 25
602 25
912 25
957 25
-851 26
-525 26
-363 26
-235 26
-17 26
599 26
721 26
-887 27
-871 27
-760 27
-637 27
-578 27
-229 27
-178 27
-83 27
-673 28
575 28
-780 29
-678 29
-670 29
-528 29
-411 29
-149 29
-132 29
-121 29
-104 29
8 29
257 29
795 29
983 29
-673 30
-343 30
-79 30
229 30
-748 31
-661 31
-584 31
-547 31
-474 31
-334 31
-9 31
474 31
668 31
824 31
-917 32
-869 32
-583 32
-323 32
201 32
281 32
337 32
341 32
721 32
821 32
859 32
-647 33
-640 33
-610 33
-304 33
298 33
824 33
-215 34
345 34
653 34
-876 35
-696 35
-667 35
-492 35
-472 35
-344 35
-213 35
-43 35
-19 35
211 35
342 35
388 35
631 35
687 35
796 35
-718 37
-614 37
-598 37
-466 37
-235 37
-104 37
-103 37
-27 37
115 37
192 37
418 37
605 37
835 37
954 37
51 38
283 38
547 38
789 38
987 38
-385 39
-350 39
-209 39
-148 39
184 39
508 39
509 39
737 39
760 39
-943 40
-853 40
-753 40
-393 40
441 40
-427 41
-200 41
-185 41
-52 41
228 41
641 41
906 41
-415 42
755 42
-996 43
-987 43
-835 43
-557 43
-406 43
-372 43
-366 43
-240 43
-103 43
120 43
155 43
168 43
179 43
218 43
412 43
618 43
803 43
57 44
325 44
431 44
-317 45
-178 45
131 45
626 45
673 45
901 45
904 45
934 45
-551 46
97 46
381 46
933 46
971 46
-981 47
-928 47
-696 47
-115 47
172 47
316 47
864 47
-829 48
107 48
163 48
-659 49
-633 49
-260 49
-193 49
-94 49
-1 49
529 49
-981 50
501 50
571 50
0 0
1277 561 1
1013 755 2
11321 6712 1
1301 19 1
14759 13401 1
25147 8560 1
39359 9635 1
307 38 2
3433 1084 1
139 58 4
8623 981 1
1759 1457 1
1439 1354 1
3407 1397 1
1091 412 1
853 808 1
569 133 2
1283 877 2
1579 1534 1
6661 5856 1
89 56 9
1607 1492 1
2903 1889 1
461 87 3
1181 51 1
8171 4625 1
211 10 3
21929 14035 1
971 402 1
2647 1693 1
45307 36716 1
863 210 2
1279 1044 2
6277 2301 1
569 315 1
6197 1150 1
5659 3720 1
47 42 15
443 412 5
3581 928 1
2689 1392 1
2633 592 2
2399 985 1
5897 5655 1
3251 2010 1
17959 4168 1
2339 206 1
5 1 79
59 48 10
5801 3132 1
83 6 10
3691 2811 1
2731 2496 1
3121 309 1
223 156 4
409 362 3
4219 1030 1
4159 1141 1
13 1 38
18149 11834 1
103 0 9
317 155 4
83 39 4
211 204 5
251 132 4
9857 1621 1
14939 7854 1
211 210 5
2381 932 1
13381 12533 1
5297 3642 1
29 25 16
2579 1138 1
30469 9052 1
2111 1418 1
2089 1323 1
25447 21724 1
3343 2048 1
311 90 3
269 31 5
823 652 2
1627 466 1
569 185 2
5501 1422 1
1847 871 1
8629 2718 1
353 301 5
1201 430 1
1993 1667 1
2017 1119 1
2657 432 1
3463 2297 1
1087 119 1
33113 27031 1
2999 1669 1
373 298 2
8963 270 1
34511 32910 1
2791 353 1
16603 11721 1
2633 1510 1
7877 4270 1
3259 594 1
2383 1427 1
1753 554 1
1297 1203 2
14627 8496 1
317 22 3
7243 5219 1
2897 1733 1
28309 22271 1
1901 186 1
1531 1331 1
839 313 2
1361 1101 1
4337 869 1
83 46 5
347 254 3
673 604 1
3301 1725 1
173 39 6
1699 558 1
5749 1985 1
2729 1798 1
1259 284 1
7639 6146 1
103 37 10
2141 94 1
5039 2673 1
2579 645 1
281 270 3
2857 186 1
2333 1973 1
3593 2034 1
12277 7509 1
263 175 5
7789 3742 1
8971 985 1
2309 744 2
12689 8373 1
1249 222 2
61 32 13
3 0 151
2339 1366 1
7 3 51
9923 9308 1
499 89 2
941 119 1
11 6 39
1427 74 1
1523 320 1
1327 1299 1
3343 353 1
1451 71 1
727 122 1
12073 8310 1
1181 146 1
257 167 3
6043 863 1
4261 3351 1
21187 8344 1
1873 1188 1
1931 830 1
293 125 3
8839 3500 1
2029 1707 1
2503 272 1
857 91 2
3181 2481 1
937 849 3
3557 1077 1
563 211 1
1783 344 1
631 91 2
821 291 3
349 65 2
17189 9691 1
9029 1045 1
659 64 1
35419 7642 1
5197 684 1
6841 5256 1
787 247 1
15727 9615 1
331 6 1
7001 6281 1
27551 24703 1
2111 617 1
941 141 1
1621 677 1
2423 1643 1
1993 187 1
941 150 1
16573 12331 1
577 134 4
1801 1169 1
3583 2920 1
4973 3286 1
919 463 1
677 362 2
4637 4121 1
8423 1113 1
47419 25202 1
1733 914 1
5749 4062 1
4259 3087 1
3821 1646 1
2417 152 1
10079 2964 1
5119 882 1
1867 433 1
14923 11403 1
1033 941 3
48679 42874 1
1747 1673 1
59 7 14
1621 859 1
9781 277 1
59 19 11
1033 72 2
983 921 1
1619 237 1
9067 1489 1
8297 5994 1
10501 6400 1
809 706 2
5 -1 91
13219 8913 1
977 695 1
4409 3529 1
13259 11157 1
8191 5668 1
71 43 12
5573 5187 1
479 389 3
743 707 2
929 410 1
2357 960 1
1777 1039 1
103 1 7
2333 106 1
2393 409 1
1069 587 2
3593 2507 1
13807 12210 1
1637 1044 2
967 639 1
37 17 13
12893 4128 1
41 14 13
5669 4174 1
1931 1478 2
131 123 4
739 392 2
16567 4670 1
193 158 4
919 866 2
12251 9331 1
4481 2603 1
15551 14331 1
10853 2961 1
1721 945 1
2153 740 1
1567 185 1
6571 4502 1
3109 1582 2
743 425 1
1229 889 1
563 478 1
1733 1463 1
109 79 7
1789 358 1
617 141 2
6577 2472 1
199 78 6
499 229 1
607 433 2
11731 1551 1
1033 103 1
4019 1907 1
251 9 6
25633 19842 1
1657 354 1
463 435 1
4937 764 1
2383 1970 1
5563 4468 1
757 339 1
4937 4494 1
1093 424 2
107 20 6
5779 2587 1
839 475 1
173 70 5
677 638 2
4241 824 1
3373 2547 1
431 174 5
337 202 3
1303 764 1
421 61 1
2153 1143 1
3631 2651 1
8609 5858 1
139 41 5
5849 3292 1
2027 1240 1
2477 874 1
5527 1552 1
11 10 37
18451 2218 1
881 347 1
23873 16356 1
1217 822 1
39419 31369 1
3617 3479 1
1861 1540 1
4447 1182 1
467 284 3
8009 6137 1
1061 333 2
1889 1507 1
9829 9376 1
997 63 2
3671 1353 1
839 717 1
10007 5498 1
19009 15053 1
4943 1801 1
5119 1376 1
1123 505 1
3719 385 1
487 296 1
29927 23452 1
431 2 3
5039 3461 1
2029 294 1
12347 11624 1
47129 19919 1
1361 1169 1
7001 584 1
14621 8853 1
1103 208 1
509 168 3
3529 2561 1
433 309 3
4093 214 1
3989 3728 1
499 460 3
4673 650 1
10477 6585 1
173 119 5
12527 1099 1
6359 1679 1
9277 3213 1
4051 2480 1
131 63 7
1693 409 1
2963 2512 1
131 75 6
769 543 1
617 426 2
4987 152 1
1321 24 1
21163 19780 1
17827 9842 1
1187 1154 1
2377 1993 1
1697 954 1
11131 10810 1
521 350 1
1933 1838 1
1063 1001 1
163 75 4
163 78 4
14081 3062 1
5669 1504 1
739 523 1
1163 336 1
4463 1621 1
9839 3641 1
10243 3996 1
1249 859 1
19913 7178 1
277 184 1
10343 7451 1
79 11 7
1109 346 2
5 3 74
1669 306 1
4229 246 1
1973 46 1
1667 1074 1
641 233 3
4007 2940 1
67 56 11
10037 1171 1
919 679 1
23081 7039 1
24391 8567 1
2531 813 1
317 175 2
1321 918 1
8963 8389 1
5279 2513 1
37 3 14
12517 9239 1
7103 2022 1
2347 1268 1
2609 2244 1
9173 5752 1
37 24 17
401 64 2
3943 1435 1
1301 94 2
2269 1805 1
3931 3781 1
8011 5407 1
449 1 3
241 90 2
1153 1001 1
643 195 2
1669 658 1
617 118 2
4639 3912 1
8377 4313 1
1949 851 1
21163 6889 1
3623 2797 1
821 47 2
2 1 97
14923 5797 1
2339 1489 1
2237 627 1
19421 6992 1
11443 4077 1
5179 714 1
9281 6668 1
827 818 3
743 575 1
32321 16565 1
6079 4477 1
4463 2179 1
251 4 3
157 32 8
6473 4210 1
653 624 1
24697 9350 1
2207 592 1
1753 1104 1
383 199 1
379 208 2
18539 5959 1
271 10 4
9241 6407 1
35089 14669 1
20593 12526 1
12433 1052 1
733 13 2
853 196 1
2069 344 1
821 768 1
193 32 4
523 373 3
9547 1810 1
701 210 2
2083 1502 2
15269 2629 1
61 13 11
431 175 2
563 337 1
1787 1369 1
3517 2719 1
1499 316 1
5011 4703 1
139 42 5
61 40 10
16001 4114 1
17509 9033 1
9929 8137 1
389 140 5
1051 60 1
7 5 188
1489 96 1
11 2 40
4783 2536 1
2377 656 2
3079 2311 1
12601 1241 1
419 351 1
2683 1956 1
359 84 2
353 349 1
1009 31 1
23 17 30
773 686 1
883 131 1
1993 825 1
523 225 1
13933 1239 1
991 862 1
2647 2198 1
883 670 2
2411 1436 1
11839 9640 1
1367 881 1
523 249 1
1321 1227 1
2027 560 1
8887 7032 1
20939 19679 1
149 108 6
2549 848 1
1709 713 1
761 383 2
239 113 4
2137 1544 1
19421 1195 1
26237 8257 1
353 64 4
0 0
