-968 1
-961 1
-850 1
-826 1
-781 1
-727 1
-700 1
-642 1
-569 1
-540 1
-519 1
-456 1
-448 1
-443 1
-360 1
-347 1
-282 1
-261 1
-240 1
-235 1
-213 1
-150 1
-142 1
-122 1
-88 1
-67 1
-62 1
-52 1
-39 1
3 1
10 1
31 1
32 1
71 1
75 1
87 1
90 1
103 1
123 1
143 1
152 1
229 1
243 1
320 1
346 1
351 1
353 1
362 1
412 1
433 1
475 1
516 1
556 1
572 1
592 1
611 1
638 1
677 1
718 1
764 1
794 1
825 1
868 1
928 1
953 1
964 1
985 1
-965 2
-947 2
-871 2
-839 2
-733 2
-645 2
-491 2
-281 2
-253 2
-219 2
-105 2
-81 2
97 2
247 2
249 2
407 2
457 2
471 2
535 2
557 2
639 2
-916 3
-796 3
-769 3
-751 3
-736 3
-731 3
-532 3
-509 3
-466 3
-356 3
-95 3
-8 3
8 3
88 3
148 3
184 3
362 3
529 3
533 3
743 3
809 3
-927 4
-693 4
-597 4
-359 4
-343 4
-341 4
-267 4
-225 4
-103 4
-41 4
45 4
79 4
237 4
271 4
319 4
343 4
405 4
413 4
519 4
601 4
843 4
937 4
-914 5
-861 5
-849 5
-831 5
-709 5
-673 5
-654 5
-497 5
-289 5
-221 5
-187 5
-178 5
-177 5
-176 5
-66 5
-63 5
-24 5
88 5
93 5
109 5
139 5
174 5
229 5
261 5
294 5
402 5
404 5
524 5
529 5
547 5
714 5
894 5
903 5
-691 6
-395 6
-359 6
-197 6
-97 6
-95 6
317 6
401 6
449 6
499 6
691 6
-968 7
-874 7
-870 7
-643 7
-599 7
-508 7
-456 7
-214 7
-32 7
-2 7
59 7
96 7
206 7
226 7
310 7
372 7
457 7
717 7
722 7
964 7
-975 8
-559 8
33 8
93 8
99 8
133 8
139 8
303 8
313 8
527 8
577 8
-836 9
-553 9
-470 9
-254 9
-106 9
451 9
512 9
539 9
970 9
-713 10
-571 10
-549 10
-429 10
-367 10
-221 10
-107 10
103 10
127 10
183 10
239 10
279 10
281 10
287 10
357 10
563 10
-904 11
-831 11
-772 11
-676 11
-648 11
-642 11
-519 11
-304 11
-241 11
-197 11
-179 11
-75 11
38 11
64 11
313 11
368 11
509 11
562 11
601 11
728 11
816 11
882 11
-437 12
-413 12
-227 12
-155 12
305 12
347 12
935 12
-857 13
-817 13
-655 13
-441 13
-340 13
-309 13
-185 13
-168 13
-146 13
-35 13
138 13
198 13
268 13
334 13
552 13
698 13
730 13
733 13
746 13
828 13
870 13
929 13
-435 14
-255 14
-225 14
15 14
71 14
177 14
319 14
499 14
625 14
731 14
-776 15
-674 15
-383 15
-268 15
-217 15
-151 15
-128 15
74 15
304 15
404 15
437 15
508 15
692 15
901 15
-971 16
-907 16
-439 16
-301 16
-27 16
105 16
255 16
355 16
941 16
-989 17
-978 17
-707 17
-619 17
-572 17
-559 17
-363 17
-334 17
-273 17
-50 17
-48 17
19 17
21 17
65 17
120 17
162 17
226 17
268 17
300 17
367 17
433 17
465 17
502 17
515 17
803 17
824 17
894 17
991 17
-827 18
-673 18
-425 18
-91 18
-85 18
79 18
199 18
803 18
-880 19
-668 19
-430 19
-393 19
-295 19
-264 19
-232 19
-164 19
-60 19
8 19
27 19
36 19
59 19
102 19
192 19
225 19
336 19
434 19
504 19
686 19
726 19
773 19
-623 20
-433 20
-261 20
-201 20
-161 20
-33 20
-19 20
33 20
321 20
527 20
579 20
651 20
743 20
-743 21
-460 21
-17 21
104 21
320 21
817 21
920 21
-905 22
-469 22
431 22
477 22
639 22
-914 23
-867 23
-865 23
-797 23
-692 23
-534 23
-363 23
-348 23
-312 23
-300 23
-47 23
73 23
140 23
142 23
220 23
330 23
402 23
538 23
546 23
550 23
569 23
673 23
829 23
886 23
949 23
982 23
-601 24
79 24
347 24
479 24
-651 25
-594 25
-334 25
-142 25
-27 25
-4 25
11 25
56 25
97 25
101 25
181 25
272 25
578 25
602 25
606 25
777 25
798 25
862 25
912 25
-851 26
-235 26
-57 26
-17 26
123 26
557 26
721 26
-896 27
-871 27
-238 27
-83 27
196 27
373 27
448 27
527 27
-673 28
373 28
575 28
605 28
629 28
-811 29
-690 29
-678 29
-313 29
-185 29
-149 29
3 29
8 29
89 29
257 29
785 29
948 29
-343 30
-79 30
997 30
-748 31
-692 31
-636 31
-474 31
-307 31
-268 31
-230 31
-120 31
-9 31
253 31
370 31
945 31
-917 32
-583 32
201 32
337 32
341 32
721 32
821 32
-640 33
-632 33
-610 33
-449 33
-304 33
709 33
994 33
-865 34
-669 34
-571 34
107 34
115 34
345 34
681 34
785 34
911 34
-696 35
-667 35
-492 35
-472 35
-344 35
-213 35
-19 35
323 35
342 35
541 35
631 35
687 35
271 36
485 36
649 36
-718 37
-598 37
-288 37
-165 37
-104 37
-103 37
192 37
418 37
577 37
584 37
603 37
835 37
954 37
984 37
-913 38
-783 38
-375 38
-67 38
51 38
283 38
547 38
889 38
-568 39
-440 39
-263 39
-209 39
184 39
737 39
760 39
859 39
-833 40
-753 40
441 40
-427 41
-193 41
-185 41
-52 41
-12 41
228 41
275 41
455 41
641 41
-415 42
755 42
989 42
-996 43
-786 43
-778 43
-707 43
-557 43
-406 43
-277 43
-240 43
-232 43
-103 43
120 43
218 43
277 43
390 43
427 43
618 43
669 43
704 43
803 43
167 44
431 44
-317 45
73 45
292 45
673 45
676 45
728 45
901 45
941 45
-551 46
97 46
455 46
971 46
-981 47
-928 47
-121 47
172 47
196 47
316 47
622 47
690 47
741 47
-829 48
-343 48
-89 48
-659 49
-633 49
-632 49
-519 49
-358 49
-260 49
-94 49
-1 49
529 49
776 49
-989 50
-981 50
-297 50
153 50
501 50
571 50
0 0
1277 561 1
1013 755 2
11321 6712 1
1301 19 1
14759 13401 1
25147 8560 1
307 38 1
3433 1084 1
139 58 5
2741 572 1
1439 1354 2
3407 1397 1
1091 412 1
853 808 1
569 133 1
1283 877 2
3083 1839 1
6661 5856 1
89 56 9
1607 1492 1
8053 953 1
2903 1889 1
4157 1203 1
31319 21632 1
3373 1371 1
461 87 1
1181 51 1
211 10 6
21929 14035 1
971 402 2
2647 1693 1
1471 74 1
45307 36716 1
14627 7542 1
863 210 1
1279 1044 1
569 315 1
13003 11692 1
5659 3720 1
47 42 16
443 412 3
3581 928 1
12143 1457 1
2633 592 1
2099 334 1
587 47 2
2399 985 1
5 1 84
59 48 10
9857 5303 1
83 6 8
3691 2811 1
2731 2496 1
3121 309 1
223 156 5
409 362 5
4219 1030 1
4159 1141 1
13 1 46
9521 1527 1
18149 11834 1
4817 2996 1
103 0 7
317 155 4
83 39 5
211 204 2
4289 2985 2
251 132 3
9857 1621 1
18251 17840 1
14939 7854 1
211 210 6
2381 932 1
10193 5933 1
4721 1390 1
1789 1553 1
5297 3642 1
2803 1525 1
29 25 19
2111 1418 1
2089 1323 1
3343 2048 1
5801 2427 1
311 90 3
269 31 5
823 652 1
7109 1020 1
1627 466 1
569 185 2
3121 143 1
5501 1422 1
1847 871 1
353 301 5
1201 430 1
1993 1667 1
12941 6931 1
2657 432 1
21787 5325 1
3463 2297 1
16249 13723 1
1087 119 2
33113 27031 1
373 298 3
2791 353 1
16603 11721 1
6311 611 1
2633 1510 2
7877 4270 1
3259 594 1
2383 1427 1
1753 554 2
1297 1203 2
14627 8496 1
8963 794 1
317 22 4
7243 5219 1
2897 1733 1
1901 186 1
839 313 1
1361 1101 1
21143 17741 1
6199 1464 1
1373 1092 1
83 46 7
347 254 4
673 604 2
3301 1725 1
173 39 8
1699 558 1
5011 2709 1
41399 15386 1
1613 71 1
1259 284 1
7639 6146 1
103 37 8
2141 94 1
5039 2673 1
2579 645 1
281 270 4
3253 2863 1
9209 3789 1
2333 1973 1
3593 2034 1
12277 7509 1
263 175 5
23057 16005 1
8971 985 2
1583 1435 1
2309 744 1
12689 8373 1
4229 2288 1
1249 222 1
61 32 11
3 0 157
2339 1366 2
7 3 43
9923 9308 1
499 89 3
941 119 1
11 6 41
9973 2949 1
1523 320 1
2609 556 1
14543 2119 1
3343 353 1
1451 71 1
4957 1511 1
1181 146 2
257 167 4
6043 863 1
2083 840 1
4261 3351 1
21187 8344 1
1873 1188 1
1931 830 1
293 125 4
8839 3500 1
2503 272 1
1871 953 1
857 91 1
3181 2481 1
937 849 3
7879 5528 1
563 211 1
1783 344 2
631 91 3
821 291 3
349 65 2
17189 9691 1
4003 229 1
659 64 1
35419 7642 1
6841 5256 1
787 247 2
12211 3814 1
15727 9615 1
331 6 2
941 141 1
1621 677 2
1993 187 1
941 150 2
16573 12331 1
577 134 3
1801 1169 1
3583 2920 1
4973 3286 1
919 463 1
677 362 2
4637 4121 1
8423 1113 1
47419 25202 1
1733 914 1
2251 1708 1
21397 8881 1
4259 3087 1
3821 1646 1
2417 152 1
5119 882 1
1867 433 1
7883 4862 1
14923 11403 1
1033 941 2
48679 42874 1
59 7 13
1621 859 1
9781 277 1
2011 1491 1
59 19 14
2557 1734 1
1667 1442 2
677 535 1
1033 72 2
983 921 1
1619 237 1
809 706 1
5 -1 87
977 695 1
8039 2324 1
8191 5668 1
71 43 12
5573 5187 1
479 389 4
743 707 1
1733 718 1
929 410 2
11383 718 1
2153 540 2
103 1 8
2333 106 1
8287 3601 1
8287 401 1
2633 2186 1
1069 587 1
13807 12210 1
1637 1044 1
967 639 2
2741 994 1
37 17 16
12893 4128 1
41 14 13
5669 4174 1
2029 1432 1
1201 380 1
131 123 5
739 392 1
16567 4670 1
193 158 5
919 866 1
4481 2603 1
15551 14331 1
28909 20564 1
2341 2095 1
4967 2061 1
1567 185 1
26863 9883 1
3109 1582 1
743 425 1
1229 889 1
563 478 2
1733 1463 1
109 79 4
1789 358 1
617 141 1
4657 3643 1
2459 2183 1
199 78 5
499 229 1
607 433 2
11731 1551 1
1033 103 1
4019 1907 1
251 9 6
4099 355 1
1657 354 1
463 435 3
4937 764 1
2383 1970 1
5563 4468 1
757 339 1
4937 4494 1
1093 424 1
107 20 8
839 475 2
173 70 6
677 638 2
3373 2547 1
1783 457 1
431 174 4
337 202 2
1303 764 1
20747 19897 1
421 61 3
2153 1143 1
8609 5858 1
139 41 2
2027 1240 1
2381 143 1
13763 2234 1
2477 874 1
10211 8576 1
11 10 44
18451 2218 1
881 347 2
23873 16356 1
5279 421 1
7417 3510 1
39419 31369 1
467 284 3
8009 6137 1
1061 333 1
23447 8485 1
1889 1507 1
2281 475 1
997 63 2
3671 1353 1
839 717 2
10007 5498 1
4943 1801 1
5119 1376 1
1123 505 1
3719 385 1
487 296 1
431 2 3
3581 1914 1
5039 3461 1
1361 1148 1
11587 4305 1
14621 8853 1
1103 208 1
509 168 3
9277 2671 1
3529 2561 1
433 309 3
19477 2905 1
4093 214 1
3989 3728 1
1433 1073 1
499 460 3
4673 650 1
4133 1053 1
10477 6585 1
173 119 7
2473 2164 1
9277 3213 1
4051 2480 1
131 63 5
1693 409 1
131 75 5
769 543 1
617 426 1
4987 152 1
6781 2677 1
1553 1301 1
1949 1677 1
17827 9842 1
1187 1154 2
1697 954 1
1009 942 2
521 350 1
14723 4905 1
1933 1838 2
1063 1001 2
163 75 7
163 78 4
14081 3062 1
5669 1504 1
739 523 1
1163 336 1
6971 3050 1
4463 1621 1
9839 3641 1
8369 4833 1
10243 3996 1
5981 1277 1
277 184 3
10343 7451 1
79 11 8
1109 346 2
5 3 83
1669 306 1
4229 246 1
641 233 3
34949 8564 1
67 56 10
919 679 2
3163 507 1
23081 7039 1
24391 8567 1
2531 813 1
5927 5014 1
317 175 3
1321 918 1
5779 4998 1
5279 2513 1
37 3 17
2347 1268 1
2609 2244 1
15083 12644 1
4219 193 1
37 24 11
1487 282 1
3613 1987 1
401 64 3
3943 1435 1
709 697 1
1301 94 2
2269 1805 2
3931 3781 1
449 1 4
241 90 4
8807 8448 1
3571 2461 1
1153 1001 1
643 195 2
1669 658 1
5851 4950 1
797 583 1
617 118 2
4639 3912 1
8377 4313 1
1949 851 1
21163 6889 1
3623 2797 1
821 47 2
2 1 96
14923 5797 1
2339 1489 1
2237 627 1
19421 6992 1
9281 6668 1
827 818 3
743 575 1
6079 4477 1
4463 2179 1
251 4 3
157 32 9
6473 4210 1
653 624 2
24697 9350 1
2207 592 1
20389 9775 1
1753 1104 1
383 199 2
379 208 1
271 10 4
733 13 2
853 196 1
2069 344 1
821 768 1
193 32 3
523 373 2
2543 722 1
9547 1810 1
701 210 2
2083 1502 2
61 13 11
431 175 2
5527 5229 1
563 337 2
1787 1369 1
3517 2719 1
1499 316 1
139 42 6
1129 556 2
61 40 10
16001 4114 1
17509 9033 1
1097 226 1
389 140 4
13907 8791 1
1051 60 2
7 5 183
11 2 46
4783 2536 1
2377 656 2
2267 714 1
419 351 2
2683 1956 2
359 84 3
353 349 3
1009 31 2
23 17 27
883 122 1
773 686 2
883 131 1
1993 825 1
523 225 1
4139 3920 1
13933 1239 1
2393 305 1
2647 2198 1
883 670 2
2411 1436 1
1367 881 1
523 249 1
853 87 1
4729 2189 1
8887 7032 1
149 108 4
2549 848 2
1709 713 1
761 383 1
3779 1228 1
887 307 1
239 113 4
19421 1195 1
353 64 3
0 0
