-995 1
-980 1
-961 1
-898 1
-874 1
-826 1
-781 1
-723 1
-720 1
-653 1
-642 1
-569 1
-540 1
-478 1
-456 1
-449 1
-448 1
-429 1
-384 1
-360 1
-321 1
-213 1
-171 1
-170 1
-150 1
-142 1
-122 1
-90 1
-67 1
-62 1
-52 1
10 1
24 1
31 1
46 1
75 1
87 1
89 1
90 1
122 1
123 1
222 1
266 1
270 1
284 1
346 1
351 1
353 1
362 1
418 1
432 1
460 1
461 1
475 1
556 1
572 1
587 1
670 1
684 1
794 1
825 1
904 1
928 1
964 1
-965 2
-845 2
-733 2
-491 2
-333 2
-281 2
-253 2
-219 2
-95 2
-57 2
223 2
249 2
369 2
407 2
471 2
515 2
535 2
603 2
639 2
735 2
781 2
809 2
-991 3
-916 3
-856 3
-796 3
-751 3
-736 3
-514 3
-490 3
-475 3
-466 3
-335 3
-92 3
-71 3
35 3
79 3
184 3
362 3
523 3
529 3
604 3
622 3
688 3
784 3
788 3
902 3
-927 4
-863 4
-751 4
-691 4
-597 4
-267 4
-235 4
-225 4
-103 4
-41 4
79 4
321 4
357 4
405 4
413 4
519 4
599 4
937 4
-948 5
-861 5
-794 5
-766 5
-683 5
-652 5
-507 5
-497 5
-368 5
-289 5
-221 5
-187 5
-178 5
-136 5
-122 5
-102 5
-63 5
8 5
86 5
88 5
109 5
139 5
144 5
174 5
249 5
261 5
288 5
309 5
344 5
448 5
547 5
589 5
648 5
714 5
736 5
753 5
851 5
903 5
-151 6
-97 6
145 6
317 6
401 6
449 6
499 6
619 6
691 6
695 6
-874 7
-870 7
-846 7
-824 7
-640 7
-508 7
-456 7
-311 7
-214 7
-187 7
-134 7
-52 7
-2 7
96 7
148 7
206 7
226 7
310 7
341 7
372 7
457 7
487 7
590 7
717 7
964 7
-945 8
-933 8
-927 8
-785 8
-775 8
-721 8
-457 8
-215 8
-175 8
33 8
93 8
99 8
493 8
495 8
577 8
-356 9
-296 9
-181 9
-106 9
133 9
164 9
512 9
647 9
-929 10
-887 10
-597 10
-409 10
-391 10
-367 10
-221 10
99 10
183 10
239 10
279 10
287 10
-939 11
-925 11
-919 11
-904 11
-861 11
-805 11
-772 11
-642 11
-617 11
-304 11
-241 11
-197 11
-109 11
-92 11
-54 11
-53 11
38 11
43 11
313 11
368 11
496 11
509 11
562 11
563 11
728 11
816 11
882 11
933 11
-437 12
-413 12
305 12
347 12
583 12
935 12
-502 13
-340 13
-252 13
-185 13
-166 13
-35 13
30 13
112 13
120 13
122 13
268 13
552 13
698 13
730 13
733 13
746 13
763 13
870 13
-409 14
-355 14
15 14
71 14
177 14
395 14
-776 15
-383 15
-251 15
-176 15
74 15
304 15
392 15
418 15
437 15
508 15
907 15
929 15
-971 16
-555 16
-439 16
-249 16
-187 16
-27 16
19 16
119 16
157 16
779 16
941 16
-978 17
-837 17
-693 17
-677 17
-636 17
-559 17
-338 17
-313 17
-50 17
19 17
65 17
120 17
226 17
300 17
309 17
367 17
433 17
515 17
618 17
687 17
772 17
803 17
949 17
991 17
-959 18
-673 18
199 18
803 18
-880 19
-841 19
-430 19
-424 19
-393 19
-60 19
27 19
36 19
102 19
174 19
192 19
223 19
225 19
249 19
303 19
336 19
434 19
552 19
686 19
773 19
990 19
-207 20
-201 20
-161 20
-33 20
-19 20
33 20
579 20
743 20
-460 21
-293 21
-62 21
-17 21
-13 21
104 21
320 21
-711 22
-543 22
-157 22
-141 22
-137 22
477 22
479 22
639 22
-985 23
-914 23
-865 23
-797 23
-751 23
-726 23
-670 23
-533 23
-363 23
-348 23
-300 23
-204 23
-47 23
140 23
231 23
538 23
550 23
829 23
886 23
949 23
-497 24
43 24
65 24
815 24
-708 25
-651 25
-456 25
-239 25
-157 25
11 25
97 25
111 25
174 25
261 25
433 25
482 25
506 25
513 25
578 25
777 25
912 25
957 25
-851 26
-525 26
-363 26
-57 26
-17 26
599 26
643 26
-887 27
-878 27
-871 27
-844 27
-637 27
-578 27
-238 27
-229 27
-178 27
-83 27
37 27
196 27
296 27
448 27
527 27
911 27
923 27
605 28
-821 29
-780 29
-690 29
-678 29
-615 29
-527 29
-170 29
-149 29
-121 29
-10 29
3 29
257 29
273 29
785 29
859 29
983 29
-673 30
-353 30
-79 30
-810 31
-692 31
-636 31
-584 31
-547 31
-536 31
-474 31
-313 31
370 31
474 31
824 31
945 31
-869 32
-323 32
-309 32
-159 32
201 32
721 32
859 32
-647 33
-610 33
298 33
-571 34
107 34
403 34
681 34
911 34
-893 35
-876 35
-696 35
-472 35
-344 35
-192 35
-19 35
211 35
541 35
796 35
993 35
271 36
341 36
485 36
649 36
-614 37
-288 37
-235 37
192 37
234 37
418 37
584 37
603 37
835 37
954 37
-825 38
-783 38
51 38
283 38
789 38
889 38
987 38
-563 39
-440 39
-385 39
-350 39
-263 39
508 39
509 39
760 39
859 39
-833 40
-629 40
-597 40
109 40
-774 41
-698 41
-568 41
-250 41
-200 41
-52 41
-12 41
228 41
458 41
-415 42
-996 43
-835 43
-685 43
-557 43
-372 43
-366 43
-277 43
-232 43
-67 43
18 43
120 43
145 43
155 43
179 43
218 43
255 43
390 43
412 43
427 43
618 43
704 43
-923 44
-565 44
57 44
357 44
-178 45
-56 45
73 45
131 45
292 45
728 45
901 45
904 45
934 45
-289 46
97 46
971 46
-928 47
-829 47
-696 47
-115 47
196 47
388 47
741 47
864 47
-829 48
107 48
-659 49
-633 49
529 49
-981 50
-737 50
-259 50
153 50
501 50
571 50
0 0
1277 561 1
1013 755 2
1301 19 1
25147 8560 1
1609 1572 1
307 38 2
139 58 5
8623 981 1
2741 572 1
1759 1457 1
3407 1397 1
1091 412 1
853 808 2
569 133 1
6959 1619 1
3121 2919 1
1283 877 1
3083 1839 1
89 56 11
1607 1492 2
2903 1889 1
9067 5551 1
3373 1371 1
461 87 4
1181 51 2
4153 2638 1
211 10 5
21929 14035 1
971 402 1
1471 74 1
863 210 2
1279 1044 1
569 315 2
5659 3720 1
47 42 18
443 412 3
3581 928 1
2689 1392 1
2633 592 1
587 47 1
5897 5655 1
3251 2010 1
17959 4168 1
16481 1255 1
5 1 77
59 48 9
83 6 8
223 156 5
409 362 4
4219 1030 1
4159 1141 1
13 1 35
18149 11834 1
4817 2996 1
103 0 8
317 155 3
83 39 7
211 204 3
4289 2985 1
251 132 3
9857 1621 1
211 210 3
2381 932 1
13381 12533 1
4721 1390 1
29 25 20
2579 1138 1
30469 9052 1
2111 1418 1
1783 431 1
3343 2048 1
311 90 3
269 31 4
823 652 1
1627 466 1
569 185 2
5501 1422 1
8629 2718 1
353 301 4
1201 430 1
1993 1667 1
2017 1119 1
12941 6931 1
2657 432 1
3463 2297 1
16249 13723 1
2999 1669 1
373 298 4
8963 270 1
34511 32910 1
2791 353 1
2633 1510 1
3259 594 1
2383 1427 1
1753 554 1
1297 1203 1
14627 8496 1
8963 794 1
317 22 3
2897 1733 1
28309 22271 1
1901 186 1
1531 1331 1
839 313 2
1361 1101 1
4337 869 1
83 46 6
347 254 3
673 604 1
173 39 6
1699 558 1
5011 2709 1
1259 284 1
7639 6146 1
103 37 9
2579 645 1
281 270 3
2857 186 1
9209 3789 1
2333 1973 2
3593 2034 1
12277 7509 1
263 175 3
23057 16005 1
8971 985 1
1583 1435 1
2309 744 1
1249 222 1
61 32 14
3 0 161
2339 1366 2
7 3 53
9923 9308 1
499 89 3
941 119 1
11 6 50
6907 5927 1
1523 320 1
2609 556 1
1327 1299 1
3343 353 1
727 122 1
12073 8310 1
4957 1511 1
1181 146 2
257 167 4
6043 863 1
4261 3351 1
1667 1018 1
1931 830 1
293 125 4
8839 3500 1
2029 1707 1
1871 953 1
6637 138 1
7753 460 1
857 91 1
937 849 2
3557 1077 1
10433 8034 1
19319 9961 1
563 211 1
1783 344 1
631 91 2
821 291 1
349 65 2
659 64 2
5197 684 1
6841 5256 1
787 247 2
8269 2603 1
331 6 2
7001 6281 1
27551 24703 1
2111 617 1
941 141 1
1621 677 1
941 150 1
3719 2046 1
577 134 3
1801 1169 1
3583 2920 1
919 463 1
677 362 3
1733 914 2
2251 1708 1
5749 4062 1
21397 8881 1
4259 3087 1
10079 2964 1
1867 433 1
7883 4862 1
1033 941 1
48679 42874 1
1747 1673 1
59 7 12
2011 1491 1
59 19 13
1667 1442 1
677 535 1
1033 72 3
983 921 1
9067 1489 1
809 706 3
5 -1 78
8039 2324 1
8191 5668 1
71 43 12
479 389 4
743 707 3
929 410 2
2357 960 1
1777 1039 1
2153 540 1
103 1 8
8287 3601 1
6553 5496 1
2633 2186 1
1069 587 2
3593 2507 1
1637 1044 1
967 639 1
37 17 15
739 371 1
41 14 14
5669 4174 1
1931 1478 1
131 123 6
739 392 1
193 158 6
919 866 2
12251 9331 1
4481 2603 1
28909 20564 1
2153 740 1
4967 2061 1
5879 266 1
1567 185 1
6571 4502 1
3109 1582 1
743 425 1
1229 889 1
563 478 1
1733 1463 2
109 79 6
1789 358 2
617 141 1
6577 2472 1
2459 2183 1
199 78 5
5683 5008 1
607 433 3
11731 1551 1
5011 4469 1
1033 103 1
4019 1907 1
1301 811 1
251 9 7
463 435 3
2383 1970 1
5563 4468 1
757 339 2
9473 7668 1
1093 424 1
107 20 6
839 475 1
173 70 6
677 638 1
3373 2547 1
17041 14795 1
431 174 4
337 202 2
1303 764 1
5737 266 1
421 61 3
2153 1143 1
3631 2651 1
8609 5858 1
139 41 4
5849 3292 1
2027 1240 1
2381 143 1
2477 874 1
10211 8576 1
5527 1552 1
11 10 42
18451 2218 1
881 347 1
7417 3510 1
1861 1540 1
4447 1182 1
467 284 4
1061 333 1
23447 8485 1
9829 9376 1
2281 475 1
997 63 2
3671 1353 1
839 717 2
11927 7542 1
5119 1376 1
3607 2497 1
431 2 3
3581 1914 1
2029 294 1
1361 1148 1
16061 904 1
12347 11624 1
47129 19919 1
2609 2546 1
11587 4305 1
1361 1169 1
1103 208 2
509 168 2
9277 2671 1
433 309 3
19477 2905 1
4093 214 1
3989 3728 1
1433 1073 1
499 460 2
4133 1053 1
10477 6585 1
173 119 6
6359 1679 1
2473 2164 1
9277 3213 1
8297 2934 1
131 63 7
1693 409 1
131 75 4
769 543 1
617 426 1
4987 152 1
1321 24 1
1949 1677 2
21163 19780 1
17827 9842 1
1187 1154 1
2377 1993 1
1009 942 1
11131 10810 1
521 350 1
1933 1838 3
1063 1001 2
163 75 7
163 78 4
1163 336 1
9839 3641 1
10243 3996 1
1249 859 1
277 184 2
79 11 9
1109 346 2
5 3 79
1669 306 1
4229 246 1
1973 46 1
1667 1074 1
641 233 2
67 56 11
38219 33759 1
919 679 2
2531 813 1
5927 5014 1
317 175 2
1321 918 2
5779 4998 1
5279 2513 1
37 3 15
2657 231 1
12517 9239 1
7103 2022 1
2347 1268 1
2609 2244 1
15083 12644 1
9173 5752 1
37 24 15
1487 282 1
4111 2817 1
401 64 3
3943 1435 1
709 697 1
1301 94 1
2269 1805 1
3931 3781 1
449 1 3
241 90 4
8807 8448 1
3571 2461 1
1153 1001 1
643 195 1
5507 3972 1
1669 658 1
5851 4950 1
797 583 1
617 118 2
8377 4313 1
1949 851 1
3623 2797 1
821 47 1
2 1 93
14923 5797 1
2339 1489 1
2237 627 1
19421 6992 1
11443 4077 1
5179 714 1
2741 2109 1
827 818 3
743 575 1
32321 16565 1
6079 4477 1
1559 1276 1
251 4 2
157 32 8
28081 21898 1
3187 1758 1
6473 4210 1
653 624 1
9473 3939 1
4093 2440 1
24697 9350 1
2207 592 2
1753 1104 1
383 199 2
379 208 2
271 10 3
9241 6407 1
35089 14669 1
20593 12526 1
12433 1052 1
733 13 2
821 768 1
193 32 4
523 373 2
2543 722 1
9547 1810 1
701 210 3
2083 1502 2
3917 3556 1
61 13 12
431 175 3
563 337 1
2389 1909 1
1499 316 1
5011 4703 1
139 42 6
1129 556 1
61 40 10
16001 4114 1
17509 9033 1
1097 226 1
9929 8137 1
389 140 5
7 5 192
1489 96 1
11 2 47
4783 2536 1
2377 656 2
2267 714 1
3079 2311 1
419 351 3
2683 1956 1
359 84 3
353 349 2
1009 31 2
23 17 27
1249 790 1
883 122 3
773 686 1
10601 2818 1
883 131 2
1993 825 1
523 225 2
4139 3920 1
13933 1239 1
991 862 2
2647 2198 1
883 670 2
2411 1436 2
11839 9640 1
523 249 1
853 87 1
1321 1227 1
2027 560 1
8887 7032 1
20939 19679 1
149 108 5
2549 848 1
1709 713 1
761 383 3
887 307 1
239 113 3
2137 1544 1
353 64 4
0 0
