-995 1
-980 1
-874 1
-850 1
-826 1
-821 1
-797 1
-781 1
-720 1
-700 1
-642 1
-597 1
-522 1
-519 1
-448 1
-360 1
-321 1
-318 1
-282 1
-261 1
-240 1
-213 1
-150 1
-142 1
-135 1
-122 1
-88 1
-62 1
-52 1
-39 1
3 1
24 1
32 1
38 1
46 1
74 1
75 1
90 1
103 1
122 1
123 1
143 1
206 1
255 1
266 1
320 1
336 1
337 1
346 1
351 1
353 1
362 1
378 1
385 1
412 1
418 1
433 1
460 1
461 1
475 1
516 1
556 1
572 1
587 1
611 1
656 1
677 1
794 1
808 1
825 1
868 1
874 1
928 1
953 1
985 1
-965 2
-947 2
-839 2
-491 2
-303 2
-267 2
-253 2
-81 2
-57 2
-7 2
97 2
369 2
407 2
515 2
603 2
735 2
-991 3
-751 3
-731 3
-514 3
-466 3
-335 3
-244 3
-95 3
-71 3
-8 3
88 3
184 3
281 3
415 3
688 3
743 3
784 3
898 3
902 3
-927 4
-863 4
-751 4
-691 4
-633 4
-575 4
-359 4
-343 4
-225 4
45 4
79 4
271 4
303 4
321 4
405 4
413 4
545 4
599 4
937 4
-948 5
-914 5
-861 5
-804 5
-766 5
-709 5
-654 5
-652 5
-613 5
-507 5
-497 5
-456 5
-221 5
-187 5
-122 5
-102 5
-66 5
-63 5
-24 5
8 5
86 5
88 5
139 5
144 5
229 5
279 5
402 5
529 5
547 5
661 5
736 5
753 5
-823 6
-691 6
-395 6
-265 6
-151 6
145 6
305 6
317 6
401 6
449 6
499 6
691 6
703 6
-951 7
-874 7
-846 7
-824 7
-640 7
-614 7
-599 7
-508 7
-456 7
-331 7
-214 7
-2 7
59 7
96 7
110 7
165 7
204 7
226 7
310 7
372 7
487 7
590 7
717 7
737 7
944 7
964 7
-945 8
-933 8
-927 8
-785 8
-691 8
-669 8
-349 8
-175 8
-135 8
-63 8
133 8
139 8
527 8
-853 9
-836 9
-754 9
-553 9
-470 9
-356 9
-106 9
-10 9
133 9
376 9
425 9
451 9
539 9
839 9
970 9
-713 10
-597 10
-571 10
-429 10
-409 10
-391 10
-351 10
57 10
103 10
127 10
163 10
217 10
279 10
827 10
-904 11
-861 11
-772 11
-694 11
-676 11
-648 11
-617 11
-519 11
-494 11
-354 11
-179 11
-112 11
-54 11
-53 11
38 11
43 11
203 11
256 11
313 11
368 11
496 11
563 11
816 11
882 11
-437 12
-227 12
-193 12
-173 12
-155 12
583 12
-990 13
-502 13
-252 13
-120 13
-35 13
58 13
63 13
120 13
138 13
268 13
334 13
412 13
552 13
730 13
733 13
746 13
763 13
779 13
828 13
870 13
929 13
953 13
-955 14
-435 14
-409 14
-255 14
-181 14
157 14
177 14
319 14
711 14
731 14
927 14
-776 15
-404 15
-317 15
-116 15
353 15
392 15
404 15
418 15
437 15
508 15
692 15
754 15
901 15
-555 16
-503 16
-439 16
-365 16
-301 16
-249 16
-187 16
157 16
461 16
757 16
879 16
941 16
-978 17
-837 17
-677 17
-636 17
-363 17
-338 17
-334 17
-313 17
-273 17
-48 17
19 17
226 17
268 17
300 17
419 17
465 17
515 17
687 17
824 17
894 17
-967 18
-827 18
-425 18
-91 18
-85 18
-71 18
25 18
419 18
769 18
781 18
803 18
-880 19
-841 19
-701 19
-465 19
-430 19
-424 19
-295 19
-220 19
27 19
59 19
84 19
102 19
174 19
225 19
303 19
320 19
434 19
552 19
773 19
-261 20
-201 20
-19 20
651 20
-743 21
-460 21
-293 21
-17 21
104 21
320 21
356 21
817 21
859 21
920 21
-987 22
-905 22
-711 22
-469 22
-141 22
-137 22
431 22
479 22
639 22
-914 23
-867 23
-797 23
-751 23
-692 23
-670 23
-363 23
-348 23
-300 23
-47 23
-33 23
73 23
142 23
182 23
220 23
231 23
477 23
546 23
569 23
673 23
885 23
983 23
995 23
-601 24
-245 24
347 24
479 24
-651 25
-594 25
-334 25
-142 25
-27 25
-4 25
11 25
101 25
128 25
181 25
506 25
513 25
586 25
606 25
862 25
957 25
-851 26
-235 26
-17 26
599 26
643 26
-887 27
-878 27
-871 27
-578 27
-313 27
-238 27
-179 27
-178 27
-83 27
37 27
196 27
206 27
296 27
373 27
448 27
527 27
911 27
965 27
-673 28
-19 28
373 28
575 28
629 28
-969 29
-824 29
-811 29
-690 29
-678 29
-615 29
-411 29
-313 29
-185 29
-132 29
-10 29
8 29
26 29
123 29
257 29
259 29
273 29
734 29
765 29
772 29
859 29
-673 30
-671 30
-353 30
-79 30
229 30
349 30
-991 31
-692 31
-547 31
-536 31
-474 31
-313 31
-120 31
-9 31
253 31
370 31
474 31
668 31
824 31
-309 32
-159 32
281 32
769 32
821 32
859 32
-632 33
530 33
709 33
994 33
-499 34
107 34
137 34
653 34
807 34
911 34
-667 35
-472 35
-344 35
-192 35
-19 35
541 35
687 35
993 35
271 36
649 36
-718 37
-598 37
-288 37
-27 37
115 37
192 37
234 37
255 37
505 37
603 37
984 37
-805 38
-783 38
-375 38
-67 38
169 38
283 38
889 38
-440 39
-263 39
-148 39
166 39
392 39
737 39
-943 40
-853 40
-833 40
-673 40
-629 40
-597 40
-17 40
-774 41
-568 41
-337 41
-200 41
-193 41
-52 41
-49 41
228 41
275 41
332 41
455 41
456 41
458 41
490 41
755 42
989 42
-996 43
-987 43
-835 43
-778 43
-475 43
-366 43
-240 43
-232 43
-103 43
-67 43
120 43
145 43
155 43
168 43
179 43
390 43
427 43
618 43
-923 44
-775 44
-565 44
167 44
329 44
431 44
-56 45
292 45
626 45
728 45
901 45
-289 46
-271 46
265 46
337 46
381 46
455 46
971 46
-829 47
-167 47
172 47
196 47
316 47
-659 49
-519 49
-358 49
-193 49
-94 49
-1 49
529 49
-989 50
-849 50
-737 50
-297 50
-259 50
153 50
501 50
0 0
1277 561 1
1013 755 1
11953 3215 1
11321 6712 1
1301 19 1
14759 13401 1
25147 8560 1
39359 9635 1
1609 1572 1
307 38 2
139 58 5
2741 572 1
1439 1354 2
3407 1397 1
3041 2137 1
1091 412 2
853 808 2
569 133 2
6959 1619 1
3121 2919 1
1283 877 1
1579 1534 1
6661 5856 1
89 56 12
1607 1492 1
8053 953 1
2903 1889 1
4157 1203 1
11279 10961 1
9067 5551 1
461 87 5
1181 51 2
8171 4625 1
4153 2638 1
211 10 4
21929 14035 1
971 402 1
2647 1693 1
1471 74 2
45307 36716 1
863 210 1
1279 1044 1
6277 2301 1
569 315 2
6197 1150 1
47 42 20
5087 1477 1
443 412 2
3581 928 1
12143 1457 1
2633 592 2
2399 985 2
3251 2010 1
17959 4168 1
2339 206 1
5 1 91
59 48 9
5801 3132 1
9857 5303 1
83 6 12
3691 2811 1
223 156 3
409 362 3
4219 1030 1
4159 1141 1
13 1 38
4507 2613 1
4817 2996 2
103 0 9
317 155 4
83 39 6
211 204 2
4289 2985 1
251 132 4
18251 17840 1
211 210 5
2381 932 1
13381 12533 1
10193 5933 1
4721 1390 1
1789 1553 1
29 25 22
2579 1138 1
2111 1418 1
2089 1323 1
25447 21724 1
3343 2048 1
5801 2427 1
311 90 3
13829 8235 1
269 31 3
823 652 1
569 185 1
3019 1085 1
3121 143 1
5501 1422 1
1847 871 1
353 301 4
1993 1667 1
2017 1119 1
12941 6931 1
2657 432 1
21787 5325 1
1087 119 1
33113 27031 1
2999 1669 1
373 298 3
34511 32910 1
2791 353 1
6311 611 1
2633 1510 1
3259 594 1
1753 554 1
1297 1203 1
14627 8496 1
8963 794 1
317 22 4
7243 5219 1
1901 186 1
1531 1331 1
839 313 1
1361 1101 1
21143 17741 1
4337 869 1
6199 1464 1
83 46 8
347 254 5
673 604 2
173 39 6
5011 2709 1
5749 1985 1
1259 284 1
103 37 10
2141 94 1
281 270 4
3253 2863 1
2333 1973 1
3593 2034 1
263 175 4
23057 16005 1
8971 985 2
1583 1435 1
2309 744 1
12689 8373 1
4229 2288 1
1249 222 1
2027 1230 1
61 32 11
3 0 155
2339 1366 1
7 3 48
499 89 2
941 119 1
11 6 43
1427 74 1
9973 2949 1
6907 5927 1
1523 320 1
2609 556 1
1327 1299 1
3343 353 1
1451 71 1
727 122 2
12073 8310 1
1201 494 1
1181 146 1
4229 2488 1
257 167 3
6043 863 1
4261 3351 1
1667 1018 1
21187 8344 1
1873 1188 1
293 125 4
2029 1707 1
2503 272 1
1871 953 1
6637 138 1
7753 460 1
857 91 1
3181 2481 1
937 849 3
19319 9961 1
7879 5528 1
563 211 2
1783 344 2
631 91 1
821 291 3
349 65 1
9029 1045 1
35419 7642 1
6841 5256 1
787 247 2
8269 2603 1
331 6 2
7001 6281 1
941 141 1
1621 677 2
2423 1643 1
941 150 1
16573 12331 1
577 134 2
1801 1169 1
3583 2920 1
4973 3286 1
677 362 3
2251 1708 1
5749 4062 1
4259 3087 1
3821 1646 1
10079 2964 1
5119 882 1
1867 433 1
7883 4862 1
1033 941 2
1747 1673 1
59 7 12
1621 859 1
2011 1491 1
59 19 13
2557 1734 1
1667 1442 1
677 535 1
1033 72 1
983 921 1
9067 1489 1
8297 5994 1
809 706 2
5 -1 75
977 695 1
8191 5668 1
71 43 8
479 389 4
743 707 2
1733 718 1
929 410 1
2357 960 1
1777 1039 1
2153 540 2
103 1 9
2333 106 1
8287 3601 1
6553 5496 1
2633 2186 1
1069 587 2
3593 2507 1
13807 12210 1
967 639 1
2741 994 1
37 17 17
739 371 1
41 14 14
2029 1432 1
1201 380 1
131 123 7
739 392 1
193 158 6
919 866 2
12251 9331 1
4481 2603 1
10853 2961 1
28909 20564 1
2153 740 1
4967 2061 1
5879 266 1
1567 185 1
6571 4502 1
743 425 2
4297 2677 1
1229 889 2
563 478 1
1733 1463 2
109 79 9
1789 358 1
617 141 1
2459 2183 1
199 78 4
499 229 1
607 433 2
11731 1551 1
5011 4469 1
1033 103 1
4019 1907 1
251 9 5
4099 355 1
25633 19842 1
463 435 2
4937 764 1
2383 1970 1
5563 4468 1
757 339 2
1093 424 1
107 20 5
9241 378 1
839 475 2
173 70 5
677 638 1
4241 824 1
3373 2547 1
17041 14795 1
1783 457 1
431 174 3
337 202 3
1303 764 1
5737 266 1
20747 19897 1
421 61 2
2153 1143 1
3631 2651 1
139 41 6
5849 3292 1
2027 1240 1
2381 143 1
2477 874 1
10211 8576 1
11 10 38
881 347 2
1217 822 1
5279 421 1
7417 3510 1
1861 1540 1
467 284 4
1061 333 1
23447 8485 1
1889 1507 1
9829 9376 1
2281 475 1
3671 1353 1
839 717 1
10007 5498 1
11927 7542 1
5119 1376 1
1123 505 1
3607 2497 1
3719 385 1
487 296 2
431 2 3
3919 1225 1
5039 3461 1
2029 294 1
1361 1148 1
2609 2546 1
1361 1169 1
9161 5682 1
14621 8853 1
1103 208 2
509 168 3
9277 2671 1
3529 2561 1
433 309 3
19477 2905 1
3989 3728 1
1433 1073 1
499 460 3
4673 650 1
4133 1053 1
10477 6585 1
173 119 4
2749 38 1
2473 2164 1
9277 3213 1
8297 2934 1
131 63 6
1693 409 1
2963 2512 1
131 75 9
769 543 2
617 426 1
1321 24 1
1553 1301 1
1949 1677 1
21163 19780 1
1187 1154 2
1009 942 1
11863 5219 1
11131 10810 1
521 350 1
14723 4905 1
1933 1838 1
1063 1001 3
163 75 6
163 78 6
5669 1504 1
739 523 1
1163 336 2
4463 1621 1
9839 3641 1
10243 3996 1
1249 859 1
19913 7178 1
277 184 2
10343 7451 1
79 11 10
1109 346 3
5 3 83
1669 306 1
1973 46 1
641 233 2
1597 51 1
67 56 10
10037 1171 1
919 679 1
3163 507 1
2531 813 1
5927 5014 1
317 175 2
1321 918 2
8963 8389 1
5779 4998 1
5279 2513 1
37 3 15
12517 9239 1
15083 12644 1
4219 193 1
37 24 12
1487 282 1
3613 1987 1
401 64 2
3943 1435 1
709 697 1
1301 94 1
2269 1805 2
3931 3781 1
8011 5407 1
449 1 3
241 90 3
1153 1001 2
643 195 2
5507 3972 1
1669 658 1
5851 4950 1
797 583 1
617 118 1
9973 8564 1
1949 851 1
3623 2797 1
821 47 3
2 1 98
14923 5797 1
2339 1489 1
2237 627 1
19421 6992 1
5179 714 1
9281 6668 1
2741 2109 1
827 818 3
743 575 2
5441 2196 1
6079 4477 1
1559 1276 1
251 4 2
157 32 8
28081 21898 1
3187 1758 1
653 624 1
18617 808 1
9473 3939 1
4093 2440 1
24697 9350 1
2207 592 1
20389 9775 1
383 199 2
379 208 3
26161 17690 1
271 10 3
35089 14669 1
12433 1052 1
733 13 2
2069 344 1
821 768 1
193 32 4
523 373 2
2543 722 1
9547 1810 1
701 210 2
2083 1502 1
3917 3556 1
61 13 14
30307 18491 1
431 175 4
5347 4252 1
563 337 3
2389 1909 1
5011 4703 1
139 42 4
1129 556 2
61 40 9
16001 4114 1
17509 9033 1
1097 226 1
9929 8137 1
389 140 2
13907 8791 1
1051 60 1
7 5 174
11 2 44
4783 2536 1
2377 656 2
2267 714 1
3079 2311 1
12601 1241 1
419 351 2
2683 1956 1
28463 15979 1
359 84 2
353 349 2
1009 31 2
23 17 32
1249 790 1
4723 4201 1
883 122 2
773 686 2
883 131 1
1993 825 1
523 225 2
4139 3920 1
991 862 1
2393 305 1
2647 2198 2
883 670 3
2411 1436 1
6269 6134 1
11839 9640 1
523 249 1
1321 1227 1
8887 7032 1
149 108 5
2549 848 1
1709 713 1
761 383 3
3779 1228 1
239 113 3
2137 1544 1
19421 1195 1
353 64 5
0 0
