-996 1
-980 1
-961 1
-929 1
-874 1
-850 1
-821 1
-797 1
-781 1
-776 1
-700 1
-593 1
-540 1
-456 1
-453 1
-448 1
-443 1
-429 1
-384 1
-347 1
-321 1
-282 1
-240 1
-213 1
-171 1
-150 1
-135 1
-122 1
-88 1
-67 1
-62 1
-52 1
3 1
10 1
24 1
46 1
61 1
71 1
89 1
90 1
96 1
103 1
152 1
185 1
206 1
222 1
243 1
266 1
270 1
284 1
353 1
354 1
385 1
412 1
418 1
461 1
558 1
592 1
611 1
638 1
656 1
677 1
684 1
718 1
764 1
794 1
824 1
825 1
859 1
868 1
874 1
904 1
-947 2
-871 2
-491 2
-333 2
-267 2
-81 2
249 2
313 2
369 2
471 2
557 2
735 2
781 2
809 2
-991 3
-880 3
-856 3
-662 3
-608 3
-512 3
-509 3
-490 3
-475 3
-466 3
-446 3
-335 3
-232 3
-194 3
-95 3
-92 3
-71 3
-8 3
35 3
79 3
88 3
148 3
208 3
281 3
362 3
529 3
533 3
622 3
784 3
788 3
902 3
-863 4
-693 4
-691 4
-597 4
-575 4
-343 4
-267 4
-265 4
-235 4
-225 4
-103 4
-41 4
79 4
119 4
271 4
303 4
319 4
321 4
343 4
519 4
599 4
843 4
937 4
-948 5
-914 5
-849 5
-831 5
-804 5
-766 5
-709 5
-673 5
-652 5
-507 5
-468 5
-456 5
-289 5
-178 5
-177 5
-122 5
-102 5
-99 5
-66 5
-24 5
9 5
86 5
139 5
187 5
249 5
294 5
309 5
344 5
402 5
448 5
524 5
547 5
589 5
648 5
736 5
803 5
894 5
-871 6
-823 6
-395 6
-305 6
-197 6
317 6
449 6
619 6
695 6
703 6
-874 7
-870 7
-643 7
-614 7
-599 7
-508 7
-456 7
-311 7
-187 7
-134 7
-90 7
-2 7
59 7
148 7
204 7
226 7
310 7
457 7
572 7
590 7
722 7
944 7
-945 8
-933 8
-927 8
-775 8
-721 8
-559 8
-331 8
-135 8
-63 8
93 8
99 8
139 8
493 8
527 8
577 8
-853 9
-754 9
-553 9
-470 9
-296 9
-254 9
-158 9
80 9
101 9
133 9
425 9
512 9
539 9
839 9
-929 10
-887 10
-597 10
-549 10
-429 10
-409 10
-107 10
103 10
113 10
163 10
217 10
279 10
357 10
563 10
-939 11
-925 11
-904 11
-861 11
-831 11
-805 11
-676 11
-642 11
-624 11
-519 11
-354 11
-304 11
-241 11
-179 11
-112 11
-54 11
-53 11
38 11
64 11
203 11
256 11
260 11
313 11
496 11
509 11
562 11
601 11
728 11
-193 12
-155 12
305 12
347 12
935 12
-990 13
-857 13
-817 13
-441 13
-168 13
-166 13
-146 13
-120 13
-35 13
30 13
112 13
170 13
412 13
552 13
591 13
698 13
703 13
733 13
779 13
828 13
941 13
-869 14
-435 14
-355 14
-255 14
15 14
157 14
499 14
711 14
731 14
-674 15
-404 15
-217 15
-176 15
-151 15
-116 15
292 15
304 15
392 15
404 15
407 15
437 15
439 15
692 15
901 15
-907 16
-503 16
-439 16
-365 16
-301 16
-249 16
-27 16
105 16
157 16
255 16
879 16
927 16
-989 17
-978 17
-837 17
-707 17
-693 17
-541 17
-363 17
-338 17
-273 17
-50 17
-48 17
19 17
65 17
162 17
268 17
300 17
358 17
367 17
419 17
772 17
824 17
894 17
949 17
991 17
-967 18
-827 18
-425 18
-91 18
-71 18
199 18
769 18
781 18
-701 19
-668 19
-430 19
-393 19
-295 19
-264 19
-220 19
-60 19
8 19
59 19
102 19
225 19
336 19
434 19
445 19
686 19
773 19
872 19
990 19
-207 20
-201 20
-161 20
-19 20
7 20
33 20
407 20
527 20
579 20
651 20
-460 21
-293 21
-62 21
-13 21
817 21
827 21
920 21
-905 22
-543 22
-141 22
-137 22
425 22
431 22
477 22
479 22
581 22
639 22
-914 23
-867 23
-797 23
-726 23
-670 23
-410 23
-312 23
-47 23
-33 23
73 23
142 23
220 23
231 23
330 23
402 23
569 23
710 23
886 23
949 23
982 23
983 23
-601 24
-245 24
347 24
479 24
775 24
-594 25
-456 25
-239 25
-157 25
-142 25
-103 25
-27 25
56 25
101 25
174 25
272 25
433 25
482 25
513 25
578 25
606 25
777 25
862 25
912 25
957 25
-851 26
-525 26
-363 26
-229 26
599 26
721 26
991 26
-896 27
-878 27
-871 27
-844 27
-637 27
-313 27
-238 27
-178 27
37 27
196 27
296 27
373 27
470 27
911 27
923 27
-673 28
-19 28
373 28
605 28
629 28
-821 29
-811 29
-670 29
-615 29
-411 29
-185 29
-149 29
-132 29
-121 29
3 29
62 29
89 29
301 29
585 29
859 29
-673 30
-343 30
229 30
349 30
997 30
-991 31
-810 31
-748 31
-692 31
-661 31
-584 31
-474 31
-9 31
214 31
253 31
824 31
-917 32
-869 32
-323 32
-309 32
-159 32
201 32
341 32
721 32
821 32
859 32
-640 33
530 33
994 33
-865 34
-499 34
107 34
403 34
653 34
911 34
-893 35
-839 35
-692 35
-492 35
-247 35
-192 35
-19 35
211 35
342 35
388 35
541 35
993 35
-107 36
271 36
353 36
-718 37
-598 37
-425 37
-235 37
-104 37
-103 37
-27 37
115 37
234 37
255 37
418 37
505 37
584 37
603 37
605 37
898 37
984 37
-783 38
-67 38
99 38
283 38
547 38
789 38
889 38
987 38
-563 39
-440 39
-385 39
-350 39
-263 39
166 39
508 39
737 39
760 39
859 39
-943 40
-853 40
-629 40
-597 40
-17 40
109 40
-568 41
-427 41
-250 41
-193 41
-185 41
-52 41
-49 41
455 41
490 41
-415 42
-1 42
989 42
-996 43
-987 43
-475 43
-366 43
-277 43
-240 43
-67 43
5 43
145 43
155 43
218 43
277 43
390 43
669 43
803 43
-565 44
-281 44
167 44
329 44
431 44
-317 45
-178 45
-56 45
292 45
626 45
904 45
941 45
-591 46
-289 46
-271 46
255 46
381 46
455 46
971 46
-981 47
-115 47
172 47
316 47
388 47
-343 48
-659 49
-541 49
-519 49
-260 49
-193 49
-1 49
776 49
989 49
-989 50
-297 50
571 50
0 0
1277 561 1
1013 755 2
11321 6712 1
1301 19 1
14759 13401 1
25147 8560 1
39359 9635 1
1609 1572 1
307 38 2
3433 1084 1
139 58 4
8623 981 1
1759 1457 1
1439 1354 1
3407 1397 1
3041 2137 1
1091 412 2
853 808 1
569 133 2
6959 1619 1
1283 877 2
1579 1534 1
6661 5856 1
89 56 10
1607 1492 2
2903 1889 1
8467 6562 1
28517 795 1
9067 5551 1
461 87 4
1181 51 2
4153 2638 1
211 10 4
971 402 1
2647 1693 1
1471 74 1
45307 36716 1
863 210 1
1279 1044 1
6277 2301 1
569 315 1
6197 1150 1
13003 11692 1
5659 3720 1
47 42 22
443 412 2
3581 928 1
2689 1392 1
2633 592 2
587 47 2
2399 985 1
5897 5655 1
17959 4168 1
16481 1255 1
2339 206 1
5 1 87
59 48 13
5801 3132 1
9857 5303 1
83 6 8
3691 2811 1
3121 309 1
223 156 3
409 362 3
4219 1030 1
13 1 42
4507 2613 1
4817 2996 1
103 0 9
317 155 3
83 39 5
211 204 4
4289 2985 1
251 132 2
18251 17840 1
211 210 6
2381 932 1
10193 5933 1
4721 1390 1
5297 3642 1
29 25 19
2579 1138 1
30469 9052 1
2111 1418 1
1783 431 1
2089 1323 1
25447 21724 1
3343 2048 1
5801 2427 1
311 90 4
269 31 4
823 652 2
7109 1020 1
569 185 3
3019 1085 1
5501 1422 1
8629 2718 1
353 301 5
1201 430 1
1993 1667 1
2017 1119 1
12941 6931 1
21787 5325 1
3463 2297 1
1087 119 1
33113 27031 1
2999 1669 1
373 298 3
8963 270 1
2791 353 1
6311 611 1
2633 1510 1
3259 594 1
2383 1427 1
1753 554 1
1297 1203 1
8963 794 1
317 22 4
7243 5219 1
1901 186 1
1531 1331 1
839 313 1
1361 1101 1
21143 17741 1
4337 869 1
6199 1464 1
1373 1092 1
6803 6371 1
83 46 9
347 254 3
673 604 2
3301 1725 1
173 39 6
1699 558 1
2729 1798 1
1613 71 1
1259 284 1
103 37 9
2141 94 1
5039 2673 1
2579 645 1
281 270 3
9209 3789 1
2333 1973 1
3593 2034 1
263 175 5
23057 16005 1
8971 985 1
1583 1435 2
2309 744 1
12689 8373 1
4229 2288 1
1249 222 2
2027 1230 1
61 32 13
3 0 157
2339 1366 1
7 3 51
499 89 2
11 6 46
9973 2949 1
6907 5927 1
7517 2335 1
1327 1299 1
3343 353 1
1451 71 1
727 122 1
12073 8310 1
1201 494 1
1181 146 2
257 167 5
2971 1778 1
6043 863 1
4261 3351 1
1667 1018 1
1873 1188 1
1931 830 1
293 125 4
8839 3500 1
2029 1707 1
2503 272 2
6637 138 1
857 91 2
3181 2481 1
937 849 1
10433 8034 1
563 211 1
1783 344 1
631 91 2
821 291 2
349 65 2
659 64 1
35419 7642 1
5197 684 1
6841 5256 1
787 247 3
8971 6050 1
15727 9615 1
331 6 2
27551 24703 1
941 141 1
1621 677 3
2423 1643 1
11437 3735 1
1993 187 1
4073 2732 1
941 150 1
577 134 3
1801 1169 1
3583 2920 1
4973 3286 1
919 463 1
677 362 3
8423 1113 1
47419 25202 1
2251 1708 1
5749 4062 1
4259 3087 1
3821 1646 1
2417 152 1
10079 2964 1
5119 882 1
14923 11403 1
1033 941 2
48679 42874 1
1747 1673 1
59 7 15
1621 859 1
9781 277 1
2011 1491 1
59 19 12
2557 1734 1
1667 1442 1
1033 72 3
983 921 1
1619 237 1
9067 1489 1
8297 5994 1
809 706 2
5 -1 93
977 695 1
4409 3529 1
8191 5668 1
71 43 10
5573 5187 1
479 389 3
743 707 2
1733 718 1
929 410 1
11383 718 1
2357 960 1
1777 1039 1
2153 540 2
103 1 6
2333 106 1
8287 3601 1
8287 401 1
2633 2186 1
1069 587 1
1637 1044 1
967 639 2
37 17 15
12893 4128 1
739 371 1
41 14 14
5669 4174 1
1201 380 2
1931 1478 1
131 123 3
739 392 2
193 158 6
919 866 1
10853 2961 1
28909 20564 1
2341 2095 1
1721 945 1
2153 740 1
4967 2061 1
5879 266 1
1567 185 1
6571 4502 1
26863 9883 1
3109 1582 1
743 425 1
4297 2677 1
1229 889 2
563 478 2
1733 1463 2
109 79 5
1789 358 1
617 141 1
6947 827 1
199 78 7
5683 5008 1
499 229 1
607 433 2
11731 1551 1
5011 4469 1
1033 103 1
1301 811 1
251 9 7
4099 355 1
25633 19842 1
1657 354 1
463 435 2
4937 764 1
2383 1970 1
757 339 1
9473 7668 1
4937 4494 1
1093 424 1
107 20 8
839 475 1
173 70 5
677 638 1
2389 458 1
4241 824 1
17041 14795 1
431 174 4
337 202 3
1303 764 2
5737 266 1
20747 19897 1
421 61 2
3631 2651 1
139 41 5
5849 3292 1
2027 1240 1
2381 143 1
2477 874 1
11 10 38
881 347 1
23873 16356 1
7417 3510 1
39419 31369 1
3617 3479 1
1861 1540 1
467 284 4
1061 333 1
9829 9376 1
2281 475 1
997 63 2
839 717 2
10007 5498 1
19009 15053 1
4943 1801 1
5119 1376 1
1123 505 1
3719 385 1
487 296 2
29927 23452 1
431 2 3
5039 3461 1
2029 294 1
1361 1148 1
16061 904 1
47129 19919 1
2609 2546 1
11587 4305 1
1361 1169 1
7001 584 1
14621 8853 1
509 168 2
9277 2671 1
3529 2561 1
433 309 2
1433 1073 1
499 460 2
4673 650 1
4133 1053 1
10477 6585 1
173 119 4
2473 2164 1
9277 3213 1
4051 2480 1
131 63 7
1693 409 1
131 75 7
769 543 1
617 426 2
4987 152 1
6781 2677 1
1321 24 1
1553 1301 1
1949 1677 2
1187 1154 2
2377 1993 1
1697 954 1
1009 942 1
11863 5219 1
11131 10810 1
521 350 2
14723 4905 1
1933 1838 2
1063 1001 1
163 75 6
163 78 4
5669 1504 1
739 523 1
1163 336 1
6971 3050 1
4463 1621 1
6673 354 1
10243 3996 1
1249 859 1
277 184 2
10343 7451 1
79 11 11
1109 346 3
5 3 77
4229 246 1
1973 46 1
1667 1074 1
641 233 5
39971 33894 1
34949 8564 1
67 56 10
919 679 2
3163 507 1
23081 7039 1
24391 8567 1
2531 813 2
5927 5014 1
317 175 2
1321 918 2
5779 4998 1
37 3 17
2657 231 1
2609 2244 1
15083 12644 1
9173 5752 1
4219 193 1
37 24 17
3613 1987 1
401 64 1
3943 1435 1
709 697 1
1301 94 3
2269 1805 1
3931 3781 1
8011 5407 1
449 1 3
241 90 4
3571 2461 1
1153 1001 1
643 195 2
5507 3972 1
1669 658 1
5851 4950 1
797 583 1
617 118 3
8377 4313 1
1949 851 1
3623 2797 1
821 47 2
2 1 104
2339 1489 1
2237 627 1
11443 4077 1
9281 6668 1
2741 2109 1
827 818 3
743 575 1
2287 302 1
32321 16565 1
6079 4477 1
2657 1485 1
251 4 4
157 32 7
6473 4210 1
653 624 1
18617 808 1
4093 2440 1
2207 592 1
1753 1104 1
383 199 1
11801 816 1
379 208 3
26161 17690 1
18539 5959 1
271 10 3
12433 1052 1
733 13 1
853 196 1
2069 344 1
821 768 1
193 32 5
523 373 3
2543 722 1
701 210 1
2083 1502 2
3917 3556 1
61 13 12
431 175 4
5347 4252 1
563 337 1
1787 1369 1
2699 1381 1
2389 1909 1
3517 2719 1
1499 316 2
139 42 5
1129 556 1
61 40 12
16001 4114 1
17509 9033 1
1097 226 1
9929 8137 1
389 140 4
1051 60 1
7 5 194
1489 96 1
11 2 46
4783 2536 1
2377 656 2
3079 2311 1
419 351 2
2683 1956 1
28463 15979 1
359 84 2
353 349 2
1009 31 1
23 17 27
1249 790 1
883 122 2
773 686 2
10601 2818 1
883 131 1
1993 825 1
523 225 2
4139 3920 1
13933 1239 1
2647 2198 1
883 670 2
2411 1436 1
6269 6134 1
11839 9640 1
523 249 1
2027 560 2
8887 7032 1
149 108 6
2549 848 1
1709 713 1
761 383 1
3779 1228 1
887 307 1
239 113 4
2137 1544 2
19421 1195 1
26237 8257 1
353 64 2
0 0
