-996 1
-980 1
-961 1
-929 1
-880 1
-874 1
-826 1
-781 1
-723 1
-700 1
-642 1
-593 1
-569 1
-540 1
-519 1
-478 1
-453 1
-429 1
-384 1
-321 1
-318 1
-261 1
-213 1
-171 1
-150 1
-142 1
-135 1
-122 1
-62 1
-52 1
-39 1
10 1
24 1
31 1
32 1
63 1
71 1
75 1
87 1
103 1
185 1
206 1
210 1
229 1
266 1
320 1
336 1
344 1
351 1
354 1
362 1
378 1
412 1
418 1
424 1
432 1
433 1
475 1
556 1
558 1
587 1
611 1
638 1
718 1
764 1
794 1
808 1
816 1
824 1
953 1
-965 2
-733 2
-645 2
-319 2
-303 2
-281 2
-95 2
-57 2
97 2
223 2
249 2
369 2
407 2
457 2
471 2
515 2
735 2
759 2
809 2
-916 3
-796 3
-751 3
-736 3
-608 3
-547 3
-532 3
-512 3
-509 3
-490 3
-466 3
-446 3
-335 3
-232 3
-71 3
-62 3
-8 3
35 3
79 3
199 3
208 3
281 3
362 3
415 3
533 3
604 3
688 3
784 3
898 3
902 3
-863 4
-751 4
-691 4
-633 4
-597 4
-343 4
-267 4
-225 4
45 4
79 4
237 4
271 4
303 4
321 4
405 4
519 4
545 4
599 4
601 4
-914 5
-849 5
-831 5
-794 5
-766 5
-683 5
-654 5
-613 5
-507 5
-497 5
-468 5
-456 5
-368 5
-289 5
-221 5
-187 5
-178 5
-176 5
-122 5
-24 5
8 5
9 5
86 5
109 5
174 5
229 5
261 5
279 5
294 5
304 5
344 5
404 5
497 5
547 5
589 5
661 5
714 5
894 5
-395 6
-359 6
-197 6
-151 6
-131 6
305 6
317 6
449 6
499 6
-968 7
-951 7
-643 7
-603 7
-508 7
-456 7
-311 7
-187 7
-90 7
-32 7
-2 7
96 7
206 7
310 7
372 7
457 7
487 7
572 7
737 7
944 7
-975 8
-933 8
-927 8
-691 8
-559 8
-349 8
-331 8
-271 8
-215 8
-175 8
-135 8
-63 8
33 8
93 8
99 8
313 8
495 8
-836 9
-754 9
-553 9
-254 9
-158 9
332 9
425 9
451 9
839 9
-571 10
-549 10
-429 10
-367 10
-271 10
-107 10
57 10
103 10
113 10
239 10
279 10
287 10
357 10
793 10
827 10
-919 11
-831 11
-805 11
-642 11
-519 11
-438 11
-304 11
-241 11
-179 11
-92 11
-54 11
38 11
69 11
313 11
509 11
562 11
601 11
816 11
-413 12
-193 12
-155 12
305 12
347 12
583 12
935 12
-817 13
-808 13
-577 13
-465 13
-185 13
-168 13
-166 13
-146 13
-120 13
58 13
112 13
122 13
138 13
170 13
268 13
334 13
552 13
698 13
703 13
779 13
828 13
870 13
929 13
941 13
953 13
-955 14
-683 14
-435 14
-355 14
-255 14
-225 14
-181 14
15 14
157 14
177 14
499 14
711 14
731 14
-776 15
-404 15
-383 15
-317 15
-217 15
-176 15
-151 15
-128 15
-116 15
74 15
292 15
392 15
407 15
437 15
508 15
692 15
901 15
-971 16
-503 16
-439 16
-249 16
105 16
157 16
255 16
461 16
779 16
879 16
-989 17
-978 17
-707 17
-677 17
-636 17
-572 17
-541 17
-334 17
-50 17
-48 17
21 17
120 17
226 17
268 17
300 17
309 17
358 17
367 17
465 17
502 17
618 17
620 17
824 17
949 17
-827 18
-673 18
-425 18
25 18
79 18
781 18
803 18
-264 19
-164 19
-60 19
8 19
14 19
27 19
36 19
59 19
84 19
102 19
192 19
249 19
336 19
434 19
552 19
686 19
-207 20
-201 20
-161 20
-33 20
7 20
407 20
579 20
651 20
743 20
-743 21
-460 21
-293 21
104 21
320 21
356 21
505 21
859 21
920 21
-987 22
-905 22
-469 22
-157 22
-141 22
-137 22
425 22
477 22
479 22
639 22
-985 23
-797 23
-627 23
-534 23
-410 23
-363 23
73 23
220 23
330 23
402 23
432 23
515 23
829 23
886 23
949 23
983 23
995 23
-601 24
-497 24
65 24
479 24
775 24
-708 25
-594 25
-456 25
-334 25
-103 25
56 25
97 25
101 25
181 25
261 25
272 25
433 25
506 25
578 25
586 25
606 25
798 25
912 25
957 25
-235 26
-229 26
-57 26
-17 26
599 26
721 26
805 26
991 26
-878 27
-871 27
-844 27
-760 27
-578 27
-313 27
-178 27
-83 27
37 27
196 27
206 27
470 27
527 27
923 27
965 27
575 28
629 28
-821 29
-811 29
-690 29
-678 29
-615 29
-527 29
-411 29
-343 29
-185 29
-104 29
8 29
26 29
62 29
89 29
123 29
257 29
259 29
301 29
585 29
734 29
743 29
772 29
785 29
859 29
867 29
983 29
988 29
-673 30
-671 30
-343 30
-79 30
997 30
-991 31
-810 31
-748 31
-692 31
-307 31
-268 31
-230 31
-120 31
-9 31
214 31
253 31
668 31
824 31
-917 32
-309 32
-159 32
281 32
337 32
341 32
721 32
769 32
821 32
859 32
-640 33
-632 33
-610 33
-449 33
-304 33
298 33
994 33
-669 34
-499 34
-215 34
107 34
115 34
403 34
807 34
911 34
-909 35
-839 35
-696 35
-692 35
-667 35
-472 35
-192 35
-43 35
323 35
541 35
687 35
993 35
271 36
341 36
353 36
485 36
649 36
-614 37
-598 37
-466 37
-425 37
-288 37
-104 37
-103 37
-27 37
418 37
505 37
577 37
603 37
898 37
984 37
-805 38
-783 38
-375 38
-357 38
789 38
-563 39
-385 39
-350 39
-263 39
-134 39
737 39
859 39
-853 40
-833 40
-673 40
-629 40
-597 40
109 40
441 40
701 40
-722 41
-568 41
-250 41
-193 41
-49 41
-12 41
455 41
456 41
490 41
906 41
-415 42
-1 42
755 42
989 42
-835 43
-786 43
-685 43
-557 43
-366 43
-277 43
-240 43
-232 43
-103 43
-67 43
145 43
155 43
218 43
390 43
427 43
704 43
803 43
-565 44
-281 44
167 44
325 44
329 44
431 44
548 45
728 45
-591 46
-551 46
-289 46
255 46
265 46
381 46
-981 47
-928 47
-167 47
172 47
196 47
316 47
388 47
864 47
-829 48
-89 48
-541 49
-519 49
-260 49
-94 49
500 49
600 49
776 49
989 49
-989 50
153 50
571 50
0 0
1277 561 1
1013 755 1
1301 19 1
14759 13401 1
25147 8560 1
307 38 2
139 58 5
1439 1354 1
3407 1397 1
1091 412 2
853 808 2
569 133 1
6959 1619 1
1283 877 2
89 56 10
1607 1492 1
8053 953 1
4157 1203 1
8467 6562 1
28517 795 1
11279 10961 1
9067 5551 1
3373 1371 1
461 87 2
1181 51 1
8171 4625 1
211 10 6
971 402 2
1471 74 1
14627 7542 1
863 210 1
1279 1044 2
569 315 2
13003 11692 1
47 42 20
443 412 2
3581 928 1
2633 592 1
587 47 1
2399 985 1
3251 2010 1
17959 4168 1
16481 1255 1
2339 206 1
5 1 94
59 48 13
9857 5303 1
83 6 9
3691 2811 1
3121 309 1
223 156 2
409 362 4
4159 1141 1
13 1 45
9521 1527 1
4507 2613 1
18149 11834 1
103 0 10
317 155 3
83 39 6
211 204 4
4289 2985 1
251 132 4
9857 1621 1
18251 17840 1
14939 7854 1
211 210 5
2381 932 1
10193 5933 1
1789 1553 1
29 25 20
2579 1138 1
2111 1418 1
1783 431 1
3343 2048 1
311 90 3
13829 8235 1
269 31 4
823 652 1
1627 466 1
569 185 3
3019 1085 1
1847 871 1
353 301 5
1201 430 1
1993 1667 1
2017 1119 1
12941 6931 1
2657 432 1
21787 5325 1
3463 2297 1
1087 119 1
373 298 3
2791 353 1
16603 11721 1
6311 611 1
2633 1510 2
3259 594 1
2383 1427 1
1753 554 2
1297 1203 2
8963 794 1
317 22 3
7243 5219 1
2897 1733 1
1901 186 1
1361 1101 1
21143 17741 1
4337 869 1
6199 1464 1
1373 1092 1
6803 6371 1
8431 816 1
83 46 8
347 254 5
673 604 2
3301 1725 1
173 39 7
1699 558 1
5011 2709 1
5749 1985 1
41399 15386 1
1613 71 1
1259 284 1
7639 6146 1
103 37 5
2141 94 1
5039 2673 1
2579 645 1
281 270 4
9209 3789 1
2333 1973 1
3593 2034 1
12277 7509 1
263 175 4
23057 16005 1
1583 1435 1
2309 744 1
12689 8373 1
4229 2288 1
1249 222 1
61 32 9
3 0 159
2339 1366 1
7 3 54
9923 9308 1
499 89 1
11 6 51
1427 74 1
9973 2949 1
6907 5927 1
1523 320 1
7517 2335 1
2609 556 1
1327 1299 1
14543 2119 1
1451 71 1
727 122 1
12073 8310 1
4957 1511 1
1201 494 1
1181 146 2
4229 2488 1
257 167 5
2971 1778 1
6043 863 1
4261 3351 2
1667 1018 1
21187 8344 1
1873 1188 1
1931 830 1
293 125 2
8839 3500 1
2029 1707 1
1871 953 1
6637 138 1
857 91 2
3181 2481 1
937 849 3
10433 8034 1
7879 5528 1
563 211 1
1783 344 1
631 91 3
821 291 3
349 65 2
4003 229 1
659 64 1
35419 7642 1
6841 5256 1
787 247 2
8971 6050 1
15727 9615 1
331 6 2
7001 6281 1
1621 677 1
11437 3735 1
4073 2732 1
941 150 1
16573 12331 1
577 134 1
1801 1169 1
3583 2920 1
4973 3286 1
677 362 2
4637 4121 1
8423 1113 1
47419 25202 1
1733 914 1
2251 1708 1
5749 4062 1
21397 8881 1
1867 433 1
7883 4862 1
1033 941 3
48679 42874 1
1747 1673 1
59 7 12
1621 859 1
9781 277 1
2011 1491 1
59 19 16
5147 1763 1
1667 1442 1
677 535 1
1033 72 2
983 921 1
1619 237 1
9067 1489 1
8297 5994 1
10501 6400 1
809 706 1
5 -1 91
4409 3529 1
13259 11157 1
8039 2324 1
71 43 14
5573 5187 1
479 389 4
743 707 2
1733 718 1
929 410 1
11383 718 1
2357 960 1
1777 1039 1
2153 540 2
103 1 6
2333 106 1
2393 409 1
2633 2186 1
1069 587 2
3593 2507 1
13807 12210 1
1637 1044 1
967 639 1
2741 994 1
37 17 18
12893 4128 1
739 371 1
41 14 14
5669 4174 1
1201 380 1
1931 1478 1
131 123 4
739 392 1
16567 4670 1
193 158 7
919 866 2
12251 9331 1
4481 2603 1
2341 2095 1
1721 945 1
4967 2061 1
5879 266 1
1567 185 2
6571 4502 1
26863 9883 1
743 425 1
4297 2677 1
1229 889 2
563 478 3
1733 1463 2
109 79 6
1789 358 1
617 141 1
4657 3643 1
6577 2472 1
2459 2183 1
6947 827 1
199 78 5
499 229 2
607 433 3
1033 103 1
1301 811 1
251 9 6
4099 355 1
1657 354 1
463 435 1
4937 764 1
2383 1970 1
5563 4468 1
757 339 2
1093 424 1
107 20 9
9241 378 1
5779 2587 1
839 475 1
173 70 6
677 638 3
4241 824 1
3373 2547 1
5261 1939 1
17041 14795 1
1783 457 1
431 174 5
337 202 2
1303 764 1
5737 266 1
421 61 1
2153 1143 1
3631 2651 1
8609 5858 1
139 41 6
5849 3292 1
2027 1240 1
2381 143 1
13763 2234 1
2477 874 1
11 10 43
18451 2218 1
881 347 2
7417 3510 1
39419 31369 1
1861 1540 1
467 284 2
1061 333 1
23447 8485 1
9829 9376 1
2281 475 1
997 63 2
3671 1353 1
839 717 2
10007 5498 1
4943 1801 1
5119 1376 1
1123 505 1
3607 2497 1
3719 385 1
487 296 1
431 2 3
3919 1225 1
3581 1914 1
5039 3461 1
2029 294 1
1361 1148 1
12347 11624 1
2609 2546 1
11587 4305 1
1361 1169 1
9161 5682 1
509 168 2
9277 2671 1
3529 2561 1
433 309 3
19477 2905 1
4093 214 1
3989 3728 1
1433 1073 1
499 460 2
4133 1053 1
173 119 6
12527 1099 1
2473 2164 1
9277 3213 1
4051 2480 1
131 63 7
1693 409 1
131 75 7
769 543 1
617 426 2
4987 152 1
1321 24 1
1553 1301 1
1949 1677 2
17827 9842 1
1187 1154 1
2377 1993 1
1697 954 1
1009 942 1
11863 5219 1
11131 10810 1
521 350 1
14723 4905 1
1933 1838 2
1063 1001 1
163 75 6
163 78 3
5669 1504 1
739 523 2
1163 336 1
4463 1621 1
6673 354 1
9839 3641 1
1249 859 1
5981 1277 1
277 184 2
10343 7451 1
79 11 7
1109 346 2
5 3 71
1669 306 1
1667 1074 1
641 233 4
39971 33894 1
4007 2940 1
67 56 11
38219 33759 1
919 679 2
3163 507 1
23081 7039 1
24391 8567 1
5927 5014 1
317 175 2
1321 918 2
5779 4998 1
37 3 18
2657 231 1
15083 12644 1
29629 7008 1
4219 193 1
37 24 17
1487 282 1
3613 1987 1
4111 2817 1
401 64 2
3943 1435 1
709 697 1
1301 94 3
2269 1805 1
3931 3781 1
8011 5407 1
449 1 3
241 90 2
3571 2461 1
1153 1001 2
5507 3972 1
21313 9048 1
1669 658 1
5851 4950 1
797 583 1
617 118 1
8377 4313 1
1949 851 1
21163 6889 1
3623 2797 1
821 47 2
3371 2065 1
2 1 98
2237 627 1
2741 2109 1
827 818 3
743 575 1
5441 2196 1
2287 302 1
32321 16565 1
6079 4477 1
251 4 2
157 32 7
6473 4210 1
653 624 2
29027 12354 1
18617 808 1
2207 592 1
1753 1104 1
383 199 1
11801 816 1
379 208 4
26161 17690 1
271 10 3
9241 6407 1
35089 14669 1
14983 3070 1
733 13 2
9341 7141 1
853 196 1
2069 344 1
821 768 1
193 32 5
523 373 2
2543 722 1
9547 1810 1
701 210 2
2083 1502 2
15269 2629 1
3917 3556 1
61 13 10
30307 18491 1
431 175 3
5347 4252 1
563 337 2
1787 1369 1
2389 1909 1
3517 2719 1
1499 316 1
139 42 5
1129 556 2
61 40 13
17509 9033 1
1097 226 2
9929 8137 1
389 140 3
1051 60 1
7 5 191
11 2 46
4783 2536 1
16831 8256 1
2377 656 2
3079 2311 1
12601 1241 1
419 351 3
8863 3266 1
2683 1956 1
28463 15979 1
359 84 3
353 349 2
1009 31 2
23 17 25
1249 790 1
883 122 2
773 686 1
10601 2818 1
883 131 1
523 225 2
4139 3920 1
13933 1239 1
991 862 1
2393 305 1
883 670 2
2411 1436 1
6269 6134 1
11839 9640 1
1367 881 1
523 249 1
853 87 1
2027 560 1
8887 7032 1
20939 19679 1
149 108 6
2549 848 1
1709 713 1
761 383 2
239 113 3
2137 1544 1
353 64 4
0 0
