-996 1
-980 1
-929 1
-880 1
-850 1
-821 1
-776 1
-727 1
-723 1
-720 1
-597 1
-593 1
-569 1
-522 1
-480 1
-429 1
-347 1
-282 1
-261 1
-171 1
-170 1
-62 1
-52 1
10 1
24 1
31 1
61 1
71 1
87 1
90 1
96 1
103 1
122 1
210 1
243 1
270 1
320 1
337 1
344 1
351 1
354 1
412 1
424 1
433 1
475 1
516 1
558 1
572 1
638 1
656 1
670 1
677 1
684 1
718 1
808 1
824 1
859 1
868 1
874 1
928 1
964 1
985 1
-871 2
-845 2
-733 2
-645 2
-303 2
-281 2
-253 2
-219 2
-95 2
-81 2
-57 2
247 2
249 2
535 2
639 2
809 2
867 2
-991 3
-916 3
-880 3
-856 3
-769 3
-731 3
-662 3
-608 3
-514 3
-512 3
-466 3
-335 3
-244 3
-95 3
79 3
148 3
184 3
208 3
301 3
388 3
415 3
523 3
622 3
688 3
784 3
788 3
898 3
902 3
-927 4
-863 4
-691 4
-633 4
-597 4
-575 4
-267 4
-265 4
-239 4
-235 4
-225 4
-41 4
79 4
119 4
343 4
357 4
405 4
519 4
599 4
843 4
937 4
-831 5
-794 5
-766 5
-709 5
-683 5
-673 5
-652 5
-613 5
-497 5
-468 5
-221 5
-178 5
-177 5
-122 5
-24 5
8 5
88 5
127 5
187 5
229 5
261 5
279 5
294 5
402 5
404 5
448 5
529 5
661 5
673 5
736 5
753 5
803 5
-871 6
-691 6
-395 6
-359 6
-265 6
-151 6
-95 6
317 6
401 6
449 6
619 6
691 6
-968 7
-870 7
-846 7
-836 7
-824 7
-643 7
-640 7
-614 7
-508 7
-456 7
-331 7
-90 7
-2 7
59 7
110 7
148 7
165 7
226 7
341 7
487 7
572 7
590 7
717 7
737 7
944 7
-945 8
-933 8
-785 8
-775 8
-691 8
-331 8
-63 8
33 8
133 8
139 8
303 8
313 8
493 8
495 8
577 8
-928 9
-853 9
-836 9
-553 9
-470 9
-356 9
-254 9
-181 9
-10 9
101 9
133 9
451 9
647 9
-887 10
-713 10
-597 10
-429 10
-409 10
-351 10
-221 10
-107 10
103 10
127 10
217 10
239 10
279 10
281 10
287 10
357 10
793 10
827 10
-925 11
-919 11
-805 11
-694 11
-648 11
-624 11
-617 11
-432 11
-354 11
-197 11
-109 11
-92 11
-75 11
-53 11
43 11
69 11
203 11
313 11
321 11
368 11
562 11
601 11
816 11
-227 12
305 12
583 12
-857 13
-655 13
-502 13
-465 13
-369 13
-252 13
-185 13
-168 13
-146 13
63 13
120 13
122 13
138 13
334 13
412 13
591 13
698 13
703 13
730 13
828 13
929 13
953 13
-955 14
-435 14
-255 14
-181 14
15 14
395 14
625 14
731 14
927 14
-317 15
-268 15
-251 15
-128 15
292 15
353 15
437 15
439 15
692 15
754 15
901 15
907 15
-637 16
-555 16
-365 16
-187 16
-27 16
19 16
105 16
157 16
255 16
355 16
461 16
757 16
779 16
941 16
-837 17
-677 17
-636 17
-619 17
-559 17
-541 17
-363 17
-359 17
-313 17
-273 17
-50 17
21 17
65 17
268 17
309 17
358 17
367 17
419 17
465 17
491 17
687 17
-967 18
-959 18
-827 18
-673 18
-425 18
-91 18
199 18
415 18
419 18
769 18
781 18
-880 19
-841 19
-668 19
-465 19
-424 19
-264 19
-232 19
-220 19
-60 19
59 19
84 19
223 19
288 19
320 19
336 19
434 19
504 19
686 19
726 19
858 19
-623 20
-433 20
-207 20
-161 20
7 20
407 20
431 20
579 20
651 20
-460 21
-62 21
-17 21
-13 21
-987 22
-543 22
425 22
477 22
581 22
-914 23
-867 23
-751 23
-692 23
-534 23
-410 23
73 23
182 23
220 23
231 23
402 23
432 23
550 23
569 23
673 23
886 23
949 23
-245 24
43 24
347 24
775 24
-239 25
-157 25
-142 25
-103 25
261 25
433 25
506 25
513 25
578 25
586 25
606 25
777 25
798 25
862 25
957 25
-363 26
-235 26
-229 26
123 26
599 26
991 26
-871 27
-238 27
-229 27
37 27
296 27
448 27
470 27
911 27
-673 28
135 28
373 28
605 28
629 28
-969 29
-811 29
-678 29
-615 29
-527 29
-313 29
-185 29
-170 29
-132 29
-10 29
3 29
8 29
62 29
89 29
194 29
585 29
743 29
765 29
772 29
948 29
983 29
-79 30
229 30
997 30
-661 31
-584 31
-268 31
120 31
214 31
253 31
370 31
474 31
824 31
945 31
-583 32
-323 32
281 32
341 32
721 32
298 33
709 33
994 33
-571 34
-499 34
403 34
653 34
681 34
911 34
-692 35
-667 35
-344 35
342 35
631 35
687 35
993 35
271 36
-614 37
-598 37
-466 37
-425 37
-235 37
-165 37
-27 37
115 37
234 37
418 37
603 37
605 37
835 37
898 37
984 37
-913 38
51 38
169 38
547 38
889 38
-568 39
-385 39
-263 39
-209 39
166 39
443 39
508 39
509 39
859 39
-943 40
-393 40
-698 41
-250 41
-200 41
-49 41
-12 41
275 41
455 41
458 41
641 41
-1 42
755 42
989 42
-987 43
-835 43
-778 43
-557 43
-372 43
-277 43
-103 43
-67 43
120 43
218 43
255 43
390 43
618 43
669 43
704 43
-923 44
-281 44
167 44
357 44
431 44
-317 45
-151 45
-56 45
292 45
626 45
673 45
676 45
934 45
455 46
933 46
-981 47
-696 47
-115 47
172 47
741 47
864 47
-343 48
-633 49
-519 49
-489 49
-358 49
-260 49
-193 49
-94 49
529 49
776 49
-989 50
-981 50
-737 50
571 50
0 0
1277 561 1
1013 755 1
1301 19 1
39359 9635 1
1609 1572 1
307 38 1
139 58 5
8623 981 1
2741 572 1
1439 1354 1
3407 1397 1
3041 2137 1
1091 412 1
853 808 1
569 133 2
6959 1619 1
3121 2919 1
1283 877 2
1579 1534 1
6661 5856 1
89 56 6
1607 1492 1
2903 1889 1
31319 21632 1
8467 6562 1
28517 795 1
461 87 4
1181 51 2
8171 4625 1
4153 2638 1
211 10 5
971 402 2
1471 74 1
863 210 1
1279 1044 1
6277 2301 1
569 315 1
13003 11692 1
47 42 19
5087 1477 1
443 412 3
3581 928 1
2689 1392 1
2633 592 1
2099 334 1
2399 985 1
3251 2010 1
2339 206 1
5 1 76
59 48 10
5801 3132 1
9857 5303 1
83 6 9
3691 2811 1
223 156 4
409 362 2
4159 1141 1
13 1 36
9521 1527 1
4817 2996 2
103 0 7
317 155 3
83 39 6
211 204 4
4289 2985 1
251 132 4
9857 1621 1
18251 17840 1
211 210 6
2381 932 1
13381 12533 1
4721 1390 1
5297 3642 1
2803 1525 1
29 25 20
2579 1138 1
30469 9052 1
2111 1418 1
2089 1323 1
25447 21724 1
3343 2048 1
13709 8043 1
311 90 3
269 31 4
823 652 2
1627 466 1
569 185 1
3019 1085 1
1847 871 1
353 301 4
1201 430 1
1993 1667 1
12941 6931 1
2657 432 1
21787 5325 1
3463 2297 1
1087 119 1
2999 1669 1
373 298 2
8963 270 1
2791 353 1
16603 11721 1
2633 1510 1
1753 554 1
1297 1203 2
317 22 7
2897 1733 1
28309 22271 1
839 313 1
1361 1101 1
8093 981 1
21143 17741 1
4337 869 1
1373 1092 1
6803 6371 1
83 46 7
347 254 5
673 604 2
173 39 6
1699 558 1
5749 1985 1
2729 1798 1
1613 71 1
103 37 7
2141 94 1
2579 645 1
281 270 3
3253 2863 1
9209 3789 1
3593 2034 1
263 175 4
8971 985 1
1583 1435 1
2309 744 1
12689 8373 1
4229 2288 1
61 32 13
3 0 135
7 3 45
9923 9308 1
499 89 2
941 119 1
11 6 45
1427 74 1
9973 2949 1
6907 5927 1
1523 320 1
7517 2335 1
1327 1299 1
1451 71 1
727 122 2
12073 8310 1
4957 1511 1
1181 146 2
257 167 3
2971 1778 1
6043 863 1
2083 840 1
4261 3351 1
1873 1188 1
1931 830 1
293 125 3
8839 3500 1
2503 272 1
857 91 2
937 849 2
7879 5528 1
563 211 1
1783 344 1
631 91 1
821 291 3
349 65 2
17189 9691 1
659 64 1
35419 7642 1
5197 684 1
6841 5256 1
787 247 2
12211 3814 1
8971 6050 1
331 6 1
7001 6281 1
2111 617 1
941 141 1
1621 677 2
2423 1643 1
1993 187 1
941 150 1
16573 12331 1
3719 2046 1
577 134 3
1801 1169 1
3583 2920 1
4973 3286 1
677 362 2
47419 25202 1
1733 914 1
2251 1708 1
5749 4062 1
4259 3087 1
3821 1646 1
10079 2964 1
5119 882 1
1867 433 1
7883 4862 1
14923 11403 1
1033 941 1
1747 1673 1
59 7 13
1621 859 1
2011 1491 1
59 19 11
1667 1442 1
1033 72 2
983 921 1
9067 1489 1
809 706 3
5 -1 74
13219 8913 1
977 695 1
4409 3529 1
8191 5668 1
71 43 11
479 389 3
743 707 4
1733 718 1
929 410 2
11383 718 1
2357 960 1
1777 1039 1
2153 540 1
103 1 7
2333 106 1
6553 5496 1
8287 401 1
1069 587 2
13807 12210 1
1637 1044 1
967 639 1
37 17 13
739 371 1
41 14 15
5669 4174 1
2029 1432 1
1201 380 1
1931 1478 1
131 123 5
739 392 1
193 158 7
919 866 1
12251 9331 1
4481 2603 1
10853 2961 1
28909 20564 1
2341 2095 1
1721 945 1
4967 2061 1
1567 185 1
26863 9883 1
3109 1582 1
743 425 1
1229 889 2
563 478 2
109 79 9
1789 358 1
617 141 2
6577 2472 1
6947 827 1
199 78 4
499 229 1
607 433 2
5011 4469 1
1033 103 1
251 9 4
25633 19842 1
1657 354 2
463 435 2
2383 1970 1
5563 4468 1
757 339 1
9473 7668 1
1093 424 1
107 20 7
2377 2268 1
839 475 2
173 70 4
677 638 1
4241 824 1
1783 457 1
431 174 3
337 202 3
20747 19897 1
421 61 2
2153 1143 1
3631 2651 1
139 41 6
2027 1240 1
2381 143 1
13763 2234 1
2477 874 1
10211 8576 1
11 10 37
881 347 1
1217 822 1
5279 421 1
7417 3510 1
39419 31369 1
3617 3479 1
1861 1540 1
4447 1182 1
467 284 5
2281 475 2
997 63 1
3671 1353 1
839 717 1
10007 5498 1
10303 8468 1
5119 1376 1
1123 505 1
3719 385 1
487 296 1
431 2 3
3919 1225 1
3581 1914 2
5039 3461 1
2029 294 1
12347 11624 1
11587 4305 1
7001 584 1
14621 8853 1
1103 208 1
509 168 3
433 309 3
3989 3728 1
499 460 3
4133 1053 1
173 119 6
6359 1679 1
2473 2164 1
4051 2480 1
131 63 5
1693 409 1
2963 2512 1
131 75 7
769 543 1
617 426 1
6781 2677 1
1321 24 1
1949 1677 1
1187 1154 1
1697 954 1
1009 942 1
11863 5219 1
521 350 2
1933 1838 1
1063 1001 2
163 75 4
163 78 2
14081 3062 1
739 523 1
6971 3050 1
6673 354 1
8369 4833 1
1249 859 2
19913 7178 1
5981 1277 1
277 184 2
79 11 10
1109 346 2
5 3 71
4229 246 1
1667 1074 1
641 233 2
67 56 10
919 679 2
3163 507 1
5927 5014 1
317 175 2
1321 918 1
8963 8389 1
5279 2513 1
37 3 15
15083 12644 1
4219 193 1
37 24 12
1487 282 1
3613 1987 1
4111 2817 1
401 64 2
709 697 1
1301 94 3
2269 1805 1
449 1 1
241 90 5
8807 8448 1
3571 2461 1
1153 1001 1
643 195 2
5507 3972 1
1669 658 1
5851 4950 1
617 118 1
9973 8564 1
4639 3912 1
8377 4313 1
1949 851 1
821 47 2
2 1 98
2339 1489 2
11443 4077 1
5179 714 1
9281 6668 1
827 818 3
743 575 1
2287 302 1
32321 16565 1
6079 4477 1
251 4 3
157 32 6
3187 1758 1
6473 4210 1
653 624 1
18617 808 1
9473 3939 1
4093 2440 1
2207 592 1
1753 1104 1
383 199 1
11801 816 1
379 208 2
18539 5959 1
271 10 6
9241 6407 1
35089 14669 1
733 13 2
853 196 1
2069 344 2
821 768 1
193 32 2
523 373 2
2543 722 1
9547 1810 1
701 210 3
2083 1502 1
61 13 14
431 175 3
5527 5229 1
563 337 2
2389 1909 1
1499 316 1
5011 4703 1
139 42 5
1129 556 1
61 40 12
17509 9033 1
1097 226 1
9929 8137 1
389 140 3
13907 8791 1
1051 60 1
7 5 191
1489 96 1
11 2 41
4783 2536 1
2377 656 2
3079 2311 1
419 351 2
2683 1956 2
359 84 2
353 349 2
1009 31 2
23 17 28
1249 790 1
4723 4201 1
883 122 2
773 686 2
10601 2818 1
5009 3736 1
523 225 3
4139 3920 1
2647 2198 2
883 670 1
2411 1436 1
853 87 1
4729 2189 1
1321 1227 1
2027 560 1
8887 7032 1
20939 19679 1
149 108 5
2549 848 2
1709 713 2
761 383 1
3779 1228 1
887 307 1
239 113 3
2137 1544 1
353 64 5
0 0
