-996 1
-898 1
-874 1
-850 1
-826 1
-821 1
-797 1
-781 1
-776 1
-766 1
-720 1
-653 1
-642 1
-519 1
-456 1
-448 1
-429 1
-347 1
-318 1
-282 1
-261 1
-240 1
-213 1
-170 1
-150 1
-142 1
-135 1
-67 1
-39 1
3 1
10 1
31 1
32 1
71 1
74 1
75 1
87 1
90 1
96 1
103 1
122 1
185 1
206 1
270 1
320 1
337 1
351 1
353 1
362 1
378 1
385 1
412 1
418 1
424 1
433 1
475 1
556 1
572 1
592 1
656 1
677 1
794 1
816 1
824 1
868 1
928 1
-965 2
-869 2
-845 2
-827 2
-645 2
-303 2
-267 2
-219 2
-81 2
-57 2
-7 2
97 2
223 2
247 2
407 2
457 2
471 2
515 2
557 2
639 2
781 2
867 2
921 2
-880 3
-796 3
-769 3
-731 3
-662 3
-532 3
-490 3
-466 3
-244 3
-194 3
-92 3
-62 3
-8 3
79 3
148 3
184 3
362 3
388 3
415 3
523 3
533 3
604 3
688 3
788 3
809 3
902 3
-927 4
-863 4
-693 4
-633 4
-267 4
-265 4
-239 4
-235 4
45 4
119 4
271 4
303 4
319 4
343 4
357 4
519 4
-861 5
-849 5
-794 5
-709 5
-673 5
-654 5
-497 5
-456 5
-289 5
-187 5
-178 5
-102 5
-63 5
-24 5
8 5
9 5
174 5
249 5
344 5
497 5
524 5
529 5
547 5
661 5
673 5
714 5
736 5
753 5
803 5
903 5
-871 6
-823 6
-305 6
-95 6
61 6
401 6
449 6
691 6
703 6
-951 7
-874 7
-870 7
-643 7
-496 7
-456 7
-214 7
-187 7
-32 7
59 7
96 7
165 7
226 7
372 7
457 7
590 7
717 7
722 7
964 7
-975 8
-785 8
-775 8
-691 8
-559 8
-457 8
-349 8
-331 8
-175 8
33 8
93 8
99 8
139 8
561 8
577 8
-928 9
-553 9
-470 9
-254 9
-181 9
-10 9
101 9
133 9
451 9
512 9
539 9
647 9
839 9
970 9
-713 10
-597 10
-571 10
-429 10
-409 10
-367 10
-351 10
-271 10
-107 10
99 10
103 10
113 10
127 10
163 10
217 10
239 10
287 10
793 10
827 10
-925 11
-861 11
-772 11
-648 11
-617 11
-494 11
-354 11
-241 11
-197 11
-179 11
-109 11
-92 11
-54 11
38 11
69 11
203 11
256 11
496 11
562 11
563 11
816 11
882 11
-437 12
-227 12
-193 12
-173 12
305 12
347 12
-817 13
-808 13
-502 13
-465 13
-369 13
-340 13
-309 13
-185 13
-168 13
-146 13
-35 13
30 13
63 13
112 13
552 13
698 13
746 13
779 13
828 13
953 13
-869 14
-683 14
-181 14
15 14
157 14
395 14
625 14
711 14
731 14
-674 15
-383 15
-268 15
-251 15
-151 15
74 15
292 15
439 15
508 15
692 15
901 15
929 15
-971 16
-637 16
-555 16
-27 16
19 16
255 16
355 16
879 16
-707 17
-677 17
-619 17
-363 17
-338 17
-50 17
-48 17
226 17
268 17
300 17
367 17
515 17
949 17
991 17
-959 18
-827 18
-673 18
-425 18
-91 18
-85 18
-71 18
25 18
199 18
419 18
769 18
781 18
803 18
-880 19
-668 19
-393 19
-264 19
-232 19
-220 19
-60 19
8 19
27 19
36 19
59 19
102 19
192 19
223 19
303 19
320 19
336 19
434 19
445 19
504 19
552 19
686 19
726 19
773 19
872 19
-201 20
-161 20
-33 20
-19 20
7 20
321 20
431 20
527 20
579 20
651 20
743 20
-62 21
104 21
320 21
859 21
920 21
-905 22
-157 22
-141 22
431 22
477 22
581 22
-914 23
-797 23
-692 23
-670 23
-348 23
73 23
231 23
330 23
402 23
432 23
538 23
569 23
710 23
829 23
885 23
886 23
949 23
983 23
-601 24
-245 24
79 24
347 24
-708 25
-142 25
-103 25
-27 25
-4 25
11 25
97 25
128 25
272 25
482 25
513 25
571 25
578 25
586 25
602 25
777 25
862 25
912 25
-851 26
-363 26
-229 26
-57 26
123 26
599 26
643 26
-887 27
-844 27
-295 27
-238 27
-229 27
-179 27
196 27
206 27
965 27
-19 28
575 28
629 28
-824 29
-821 29
-811 29
-780 29
-678 29
-670 29
-615 29
-411 29
-185 29
-170 29
-149 29
-132 29
-10 29
3 29
26 29
89 29
123 29
273 29
585 29
734 29
743 29
765 29
772 29
867 29
-671 30
-79 30
229 30
997 30
-991 31
-661 31
-584 31
-307 31
-230 31
253 31
370 31
668 31
-869 32
-583 32
-323 32
-159 32
201 32
721 32
769 32
821 32
-632 33
-610 33
-80 33
530 33
994 33
107 34
807 34
-696 35
-233 35
-213 35
-43 35
323 35
687 35
341 36
353 36
-614 37
-598 37
-466 37
-104 37
-27 37
255 37
418 37
505 37
577 37
984 37
-913 38
-805 38
-783 38
-67 38
169 38
283 38
889 38
-743 39
-563 39
-350 39
-209 39
760 39
859 39
-853 40
-833 40
-673 40
-629 40
109 40
-722 41
-250 41
-200 41
-185 41
228 41
332 41
455 41
641 41
774 41
948 41
-415 42
-1 42
989 42
-987 43
-786 43
-778 43
-557 43
-475 43
-406 43
-277 43
-232 43
-103 43
-67 43
145 43
277 43
390 43
427 43
669 43
-923 44
-775 44
167 44
325 44
329 44
431 44
651 44
73 45
292 45
626 45
676 45
728 45
941 45
455 46
-928 47
-696 47
-167 47
172 47
-829 48
107 48
-519 49
-358 49
-193 49
-94 49
162 49
529 49
776 49
989 49
-989 50
-297 50
153 50
487 50
501 50
571 50
0 0
1277 561 2
1013 755 1
11953 3215 1
1301 19 1
14759 13401 1
25147 8560 1
39359 9635 1
307 38 2
3433 1084 1
139 58 4
8623 981 1
2741 572 1
1759 1457 1
1439 1354 1
1091 412 1
853 808 1
569 133 2
1283 877 2
1579 1534 1
6661 5856 1
89 56 11
1607 1492 1
2903 1889 1
11279 10961 1
461 87 2
1181 51 1
8171 4625 1
211 10 5
21929 14035 1
971 402 1
2647 1693 1
1471 74 1
14627 7542 1
863 210 1
6277 2301 1
569 315 1
6197 1150 1
13003 11692 1
5659 3720 1
47 42 15
5087 1477 1
443 412 3
3581 928 1
12143 1457 1
2633 592 2
2099 334 1
587 47 1
2399 985 1
3251 2010 1
2339 206 1
5 1 77
59 48 12
5801 3132 1
9857 5303 1
83 6 8
3691 2811 1
223 156 3
409 362 4
13 1 42
4507 2613 1
18149 11834 1
4817 2996 1
103 0 7
317 155 5
83 39 5
211 204 2
4289 2985 1
251 132 2
18251 17840 1
211 210 3
2381 932 1
4721 1390 1
1789 1553 1
2803 1525 1
29 25 14
2579 1138 1
2111 1418 1
1783 431 1
2089 1323 2
3343 2048 1
311 90 2
13829 8235 1
269 31 4
569 185 2
5501 1422 1
1847 871 1
353 301 2
1201 430 1
1993 1667 1
2017 1119 1
12941 6931 1
2657 432 1
21787 5325 1
3463 2297 1
16249 13723 1
1087 119 1
373 298 5
8963 270 1
2791 353 1
2633 1510 1
7877 4270 1
3259 594 1
2383 1427 1
1753 554 2
1297 1203 2
14627 8496 1
8963 794 1
317 22 3
2897 1733 1
28309 22271 1
1901 186 1
1531 1331 1
1361 1101 1
21143 17741 1
4337 869 1
1373 1092 1
8431 816 1
83 46 8
347 254 2
673 604 2
173 39 7
1699 558 1
5011 2709 1
2729 1798 1
41399 15386 1
1613 71 1
7639 6146 1
103 37 8
2141 94 1
9403 3959 1
2579 645 1
281 270 1
9209 3789 1
2333 1973 1
3593 2034 1
12277 7509 1
263 175 4
23057 16005 1
8971 985 1
1583 1435 1
2309 744 2
12689 8373 1
4229 2288 1
2027 1230 1
61 32 13
3 0 131
2339 1366 1
7 3 51
499 89 3
11 6 50
1427 74 1
9973 2949 1
1523 320 1
2609 556 1
1327 1299 1
3343 353 1
1451 71 1
727 122 2
4957 1511 1
1181 146 1
257 167 5
4261 3351 2
21187 8344 1
1873 1188 1
1931 830 1
293 125 5
8839 3500 1
2029 1707 1
2503 272 1
857 91 2
937 849 2
3557 1077 1
10433 8034 1
7879 5528 1
563 211 2
1783 344 1
631 91 1
821 291 2
349 65 2
17189 9691 1
659 64 1
35419 7642 1
6841 5256 1
787 247 2
12211 3814 1
331 6 2
7001 6281 1
2111 617 1
941 141 1
1621 677 2
1993 187 1
941 150 1
16573 12331 1
3719 2046 1
577 134 1
1801 1169 1
4973 3286 1
919 463 1
677 362 1
8423 1113 1
1733 914 1
5749 4062 1
4259 3087 1
3821 1646 1
10079 2964 1
5119 882 1
1867 433 1
7883 4862 1
1033 941 1
48679 42874 1
1747 1673 1
59 7 14
1621 859 1
59 19 11
1667 1442 1
677 535 1
1033 72 2
983 921 1
8297 5994 1
10501 6400 1
809 706 1
5 -1 79
977 695 1
4409 3529 1
13259 11157 1
8039 2324 1
8191 5668 1
71 43 14
479 389 3
743 707 2
1733 718 1
929 410 1
2357 960 1
1777 1039 1
2153 540 1
103 1 8
2333 106 1
60649 31083 1
2393 409 1
8287 401 1
2633 2186 1
1069 587 1
1637 1044 1
967 639 1
37 17 17
41 14 15
5669 4174 1
1201 380 2
1931 1478 1
131 123 4
739 392 2
193 158 5
919 866 1
15551 14331 1
28909 20564 1
2341 2095 1
1721 945 1
2153 740 1
4967 2061 1
1567 185 2
26863 9883 1
743 425 1
1229 889 1
563 478 1
1733 1463 2
109 79 5
1789 358 1
617 141 2
6577 2472 1
2459 2183 1
6947 827 1
199 78 2
499 229 1
607 433 3
11731 1551 1
5011 4469 1
1033 103 1
4019 1907 1
251 9 4
1657 354 1
463 435 1
2383 1970 1
757 339 2
1093 424 1
107 20 6
9241 378 1
839 475 2
173 70 4
677 638 2
4241 824 1
3373 2547 1
1783 457 2
431 174 3
337 202 3
37691 2781 1
1303 764 1
20747 19897 1
421 61 2
2153 1143 1
8609 5858 1
139 41 6
2381 143 1
2477 874 1
10211 8576 1
11 10 39
18451 2218 1
881 347 2
5279 421 1
3617 3479 1
4447 1182 1
467 284 4
8009 6137 1
1061 333 1
2281 475 1
997 63 1
3671 1353 2
839 717 1
10007 5498 1
19009 15053 1
5119 1376 1
1123 505 1
3607 2497 1
3719 385 1
487 296 2
29927 23452 1
431 2 3
3919 1225 1
3581 1914 1
5039 3461 1
1361 1148 1
2609 2546 1
11587 4305 1
1361 1169 1
9161 5682 1
1103 208 2
509 168 3
433 309 2
4093 214 1
3989 3728 1
1433 1073 1
499 460 3
173 119 4
6359 1679 1
9277 3213 1
4051 2480 1
131 63 5
1693 409 1
2963 2512 1
131 75 9
769 543 1
617 426 1
1553 1301 1
17827 9842 1
1187 1154 2
1697 954 1
1009 942 1
521 350 1
14723 4905 1
1933 1838 2
1063 1001 1
163 75 5
163 78 6
14081 3062 1
739 523 1
8369 4833 1
1249 859 1
277 184 2
79 11 7
1109 346 1
5 3 84
4229 246 1
641 233 2
34949 8564 1
67 56 9
919 679 1
3163 507 1
23081 7039 1
24391 8567 1
2531 813 1
5927 5014 1
317 175 4
1321 918 1
5779 4998 1
37 3 13
12517 9239 1
2347 1268 1
2609 2244 1
15083 12644 1
37 24 13
1487 282 1
3613 1987 1
401 64 3
3943 1435 1
1301 94 2
2269 1805 1
3931 3781 1
449 1 2
241 90 4
3571 2461 1
1153 1001 1
643 195 2
5507 3972 1
1669 658 1
5851 4950 1
797 583 1
617 118 2
8377 4313 1
1949 851 1
3623 2797 1
821 47 2
2 1 89
14923 5797 1
2339 1489 2
2237 627 1
19421 6992 1
23929 980 1
11443 4077 1
5179 714 1
9281 6668 1
827 818 4
743 575 1
5441 2196 1
6079 4477 1
251 4 3
157 32 6
3187 1758 1
6473 4210 1
653 624 1
2207 592 2
36643 6275 1
1753 1104 1
383 199 2
11801 816 1
379 208 2
26161 17690 1
18539 5959 1
271 10 3
12433 1052 1
3769 1471 1
733 13 1
2069 344 1
821 768 2
193 32 3
523 373 2
2543 722 1
9547 1810 1
701 210 1
2083 1502 2
3917 3556 1
61 13 13
431 175 3
5347 4252 1
563 337 3
1787 1369 1
1499 316 1
139 42 5
1129 556 1
61 40 14
17509 9033 1
1097 226 1
9929 8137 1
389 140 5
13907 8791 1
1051 60 1
7 5 174
1489 96 1
11 2 31
4783 2536 1
2377 656 2
12601 1241 1
419 351 2
359 84 1
353 349 2
1009 31 2
23 17 28
1249 790 1
883 122 2
773 686 2
883 131 1
523 225 2
991 862 2
2647 2198 1
883 670 2
2411 1436 1
6269 6134 1
523 249 1
853 87 1
4729 2189 1
2027 560 1
8887 7032 1
149 108 5
2549 848 2
1709 713 2
761 383 1
239 113 3
2137 1544 1
353 64 4
0 0
