-980 1
-968 1
-961 1
-929 1
-898 1
-880 1
-850 1
-797 1
-781 1
-727 1
-597 1
-593 1
-522 1
-519 1
-456 1
-453 1
-360 1
-247 1
-235 1
-135 1
-122 1
-90 1
-62 1
-52 1
3 1
24 1
31 1
32 1
46 1
63 1
89 1
96 1
103 1
122 1
143 1
152 1
185 1
206 1
229 1
243 1
255 1
336 1
337 1
351 1
385 1
418 1
432 1
433 1
460 1
516 1
558 1
718 1
764 1
794 1
824 1
825 1
868 1
874 1
928 1
964 1
985 1
-845 2
-839 2
-827 2
-645 2
-491 2
-333 2
-319 2
-303 2
-281 2
-219 2
-105 2
-95 2
-81 2
-57 2
97 2
223 2
247 2
457 2
471 2
557 2
603 2
639 2
759 2
809 2
921 2
-880 3
-856 3
-796 3
-769 3
-751 3
-736 3
-731 3
-662 3
-608 3
-547 3
-514 3
-512 3
-490 3
-475 3
-466 3
-244 3
-194 3
-95 3
-92 3
-62 3
8 3
79 3
148 3
281 3
362 3
388 3
523 3
604 3
622 3
784 3
809 3
898 3
902 3
-633 4
-597 4
-343 4
-265 4
-225 4
-41 4
119 4
237 4
271 4
303 4
343 4
405 4
601 4
-948 5
-914 5
-861 5
-804 5
-794 5
-673 5
-613 5
-497 5
-456 5
-368 5
-289 5
-221 5
-187 5
-122 5
-99 5
-63 5
93 5
109 5
127 5
139 5
144 5
174 5
229 5
261 5
279 5
294 5
309 5
344 5
404 5
448 5
497 5
524 5
529 5
589 5
648 5
661 5
714 5
736 5
851 5
903 5
949 5
-871 6
-823 6
-691 6
-395 6
-359 6
-131 6
-97 6
61 6
145 6
305 6
499 6
703 6
-874 7
-846 7
-640 7
-614 7
-508 7
-496 7
-214 7
-134 7
-90 7
-52 7
88 7
96 7
110 7
148 7
165 7
204 7
226 7
457 7
487 7
572 7
590 7
722 7
737 7
964 7
-945 8
-933 8
-927 8
-775 8
-721 8
-559 8
-457 8
-271 8
-175 8
-135 8
-63 8
33 8
93 8
99 8
133 8
493 8
527 8
577 8
-928 9
-853 9
-553 9
-470 9
-254 9
332 9
425 9
539 9
839 9
970 9
-887 10
-597 10
-571 10
-549 10
-429 10
-391 10
-367 10
-221 10
57 10
103 10
113 10
127 10
239 10
357 10
793 10
-904 11
-831 11
-648 11
-617 11
-519 11
-304 11
-241 11
-197 11
-75 11
-54 11
38 11
43 11
260 11
509 11
601 11
816 11
933 11
-437 12
-413 12
-227 12
-193 12
-173 12
-155 12
305 12
347 12
583 12
935 12
-990 13
-857 13
-808 13
-655 13
-577 13
-502 13
-441 13
-340 13
-252 13
-185 13
-35 13
30 13
58 13
112 13
138 13
170 13
198 13
268 13
334 13
552 13
591 13
703 13
733 13
746 13
763 13
779 13
828 13
870 13
-955 14
-869 14
-683 14
-435 14
-409 14
-255 14
-225 14
-181 14
15 14
71 14
395 14
625 14
711 14
-776 15
-674 15
-383 15
-268 15
-217 15
74 15
292 15
392 15
404 15
418 15
439 15
901 15
-971 16
-907 16
-637 16
-555 16
-503 16
-365 16
-301 16
-187 16
105 16
119 16
157 16
255 16
355 16
757 16
879 16
-989 17
-636 17
-572 17
-559 17
-359 17
-338 17
-313 17
120 17
268 17
300 17
419 17
465 17
491 17
502 17
515 17
618 17
620 17
687 17
772 17
803 17
894 17
949 17
959 17
991 17
-967 18
-673 18
-71 18
79 18
199 18
419 18
781 18
-841 19
-668 19
-430 19
-424 19
-393 19
-232 19
-216 19
-164 19
8 19
14 19
59 19
192 19
225 19
288 19
336 19
445 19
686 19
872 19
-623 20
-261 20
-19 20
33 20
431 20
527 20
651 20
743 20
-13 21
104 21
505 21
817 21
859 21
920 21
-905 22
-711 22
-469 22
-157 22
-141 22
431 22
581 22
-985 23
-914 23
-867 23
-797 23
-751 23
-627 23
-534 23
-533 23
-410 23
-363 23
-300 23
-204 23
-33 23
142 23
220 23
538 23
546 23
550 23
569 23
710 23
829 23
885 23
886 23
995 23
-497 24
43 24
347 24
775 24
815 24
-594 25
-456 25
-157 25
-103 25
-4 25
97 25
101 25
111 25
128 25
482 25
506 25
513 25
586 25
606 25
777 25
798 25
912 25
957 25
-363 26
123 26
557 26
599 26
643 26
721 26
-844 27
-295 27
-238 27
-83 27
37 27
373 27
448 27
470 27
527 27
911 27
-19 28
373 28
629 28
-969 29
-821 29
-690 29
-678 29
-670 29
-527 29
-343 29
-313 29
-185 29
-10 29
3 29
62 29
194 29
257 29
585 29
765 29
772 29
785 29
859 29
948 29
988 29
-343 30
-661 31
-636 31
-584 31
-547 31
-474 31
-313 31
-268 31
-230 31
-9 31
253 31
474 31
668 31
824 31
945 31
-917 32
-887 32
-583 32
-159 32
-71 32
201 32
281 32
337 32
721 32
-647 33
-640 33
-632 33
-610 33
-449 33
-304 33
709 33
824 33
-669 34
-571 34
107 34
653 34
681 34
911 34
-876 35
-696 35
-667 35
-492 35
-472 35
-233 35
-192 35
-43 35
-19 35
211 35
323 35
342 35
796 35
341 36
485 36
649 36
-718 37
-614 37
-288 37
-235 37
-103 37
-27 37
115 37
234 37
584 37
605 37
835 37
984 37
-913 38
-825 38
-783 38
-375 38
-357 38
-67 38
169 38
283 38
889 38
-743 39
-563 39
-385 39
-350 39
-209 39
-148 39
-134 39
184 39
508 39
737 39
760 39
859 39
-943 40
109 40
441 40
-774 41
-698 41
-250 41
-200 41
-185 41
-52 41
228 41
275 41
456 41
458 41
490 41
774 41
948 41
-415 42
989 42
-996 43
-835 43
-786 43
-778 43
-707 43
-685 43
-557 43
-277 43
-240 43
-67 43
18 43
145 43
179 43
277 43
390 43
412 43
500 43
669 43
803 43
-923 44
-565 44
167 44
325 44
329 44
651 44
-317 45
-178 45
-56 45
73 45
131 45
292 45
676 45
728 45
-551 46
-289 46
455 46
971 46
-928 47
-829 47
-696 47
-121 47
-115 47
196 47
316 47
690 47
741 47
-89 48
163 48
-659 49
-632 49
-489 49
-358 49
-94 49
529 49
600 49
-989 50
-981 50
-737 50
-297 50
-259 50
487 50
501 50
571 50
0 0
1277 561 1
1013 755 1
11321 6712 1
25147 8560 1
1609 1572 1
307 38 1
3433 1084 1
139 58 7
8623 981 1
1439 1354 1
3407 1397 1
1091 412 1
853 808 2
569 133 2
6959 1619 1
3121 2919 1
1283 877 1
89 56 9
1607 1492 2
2903 1889 1
31319 21632 1
9067 5551 1
3373 1371 1
461 87 3
1181 51 1
211 10 6
971 402 1
2647 1693 1
1471 74 1
45307 36716 1
14627 7542 1
1279 1044 2
569 315 2
6197 1150 1
5659 3720 1
47 42 18
5087 1477 1
443 412 2
3581 928 1
2689 1392 1
12143 1457 1
2633 592 1
587 47 1
2399 985 1
3251 2010 1
2339 206 1
5 1 81
59 48 9
9857 5303 1
83 6 8
3691 2811 1
2731 2496 1
3121 309 1
223 156 4
409 362 4
4219 1030 1
4159 1141 1
13 1 43
9521 1527 1
4507 2613 1
18149 11834 1
4817 2996 1
103 0 8
317 155 4
83 39 7
211 204 3
4289 2985 1
251 132 5
9857 1621 1
18251 17840 1
14939 7854 1
211 210 6
13381 12533 1
10193 5933 1
4721 1390 1
1789 1553 1
5297 3642 1
2803 1525 1
29 25 16
2579 1138 1
30469 9052 1
2111 1418 1
1783 431 1
2089 1323 1
25447 21724 1
3343 2048 1
13709 8043 1
311 90 2
269 31 4
823 652 1
1627 466 1
569 185 2
3019 1085 1
3121 143 1
5501 1422 1
1847 871 1
8629 2718 1
353 301 5
1201 430 1
1993 1667 1
2017 1119 1
12941 6931 1
2657 432 1
3463 2297 1
16249 13723 1
1087 119 2
373 298 3
34511 32910 1
2791 353 1
2633 1510 2
3259 594 1
2383 1427 1
1753 554 1
1297 1203 1
14627 8496 1
8963 794 1
317 22 6
7243 5219 1
2897 1733 1
28309 22271 1
1901 186 1
1531 1331 1
839 313 1
1361 1101 1
8093 981 1
21143 17741 1
4337 869 1
6199 1464 1
83 46 6
347 254 4
673 604 2
3301 1725 1
173 39 7
1699 558 2
5749 1985 1
41399 15386 1
1259 284 1
7639 6146 1
103 37 10
2141 94 2
9403 3959 1
5039 2673 1
281 270 6
2857 186 1
3253 2863 1
2333 1973 1
3593 2034 1
12277 7509 1
263 175 3
23057 16005 1
8971 985 1
1583 1435 1
2309 744 1
4229 2288 1
1249 222 1
2027 1230 1
61 32 14
3 0 138
2339 1366 1
7 3 54
9923 9308 1
499 89 4
941 119 1
11 6 50
9973 2949 1
6907 5927 1
7517 2335 1
1327 1299 1
14543 2119 1
727 122 1
12073 8310 1
4957 1511 1
1201 494 1
1181 146 2
257 167 4
2971 1778 1
4261 3351 1
1873 1188 1
1931 830 1
293 125 4
2029 1707 1
2503 272 1
1871 953 1
6637 138 1
7753 460 1
857 91 1
937 849 3
10433 8034 1
19319 9961 1
7879 5528 1
563 211 2
1783 344 2
631 91 1
821 291 3
349 65 2
17189 9691 1
4003 229 1
6841 5256 1
787 247 2
12211 3814 1
8269 2603 1
331 6 2
941 141 1
1621 677 1
2423 1643 1
1993 187 1
577 134 4
1801 1169 1
3583 2920 1
919 463 1
677 362 2
4637 4121 1
1733 914 1
2251 1708 1
21397 8881 1
4259 3087 1
3821 1646 1
2417 152 1
10079 2964 1
1867 433 1
7883 4862 1
1033 941 2
48679 42874 1
1747 1673 2
59 7 10
1621 859 1
9781 277 1
2011 1491 1
59 19 10
5147 1763 1
677 535 1
1033 72 4
983 921 1
9067 1489 1
10501 6400 1
809 706 3
5 -1 89
4409 3529 1
13259 11157 1
8039 2324 1
8191 5668 1
71 43 13
5573 5187 1
479 389 4
743 707 2
1733 718 1
929 410 2
11383 718 1
2357 960 1
1777 1039 1
2153 540 1
103 1 10
2333 106 1
60649 31083 1
6553 5496 1
2393 409 1
8287 401 1
2633 2186 1
1069 587 2
13807 12210 1
1637 1044 2
967 639 2
2741 994 1
37 17 18
739 371 1
41 14 14
2029 1432 1
1201 380 1
1931 1478 1
131 123 5
739 392 1
16567 4670 1
193 158 8
919 866 1
12251 9331 1
4481 2603 1
10853 2961 1
28909 20564 1
2341 2095 1
2153 740 1
4967 2061 1
5669 4725 1
1567 185 1
3109 1582 1
743 425 2
563 478 2
1733 1463 1
109 79 6
1789 358 1
617 141 2
4657 3643 1
6577 2472 1
199 78 7
499 229 2
607 433 3
11731 1551 1
1033 103 1
251 9 6
4099 355 1
25633 19842 1
463 435 2
4937 764 1
2383 1970 1
757 339 1
9473 7668 1
107 20 6
839 475 1
173 70 6
677 638 1
2389 458 1
4241 824 1
3373 2547 1
5261 1939 1
17041 14795 1
1783 457 1
431 174 5
337 202 2
37691 2781 1
1303 764 1
20747 19897 1
421 61 3
2153 1143 1
3631 2651 1
18047 5048 1
8609 5858 1
139 41 6
2027 1240 1
2381 143 1
13763 2234 1
2477 874 1
5527 1552 1
11 10 45
18451 2218 1
881 347 2
23873 16356 1
5279 421 1
3617 3479 1
1861 1540 1
467 284 3
1061 333 2
23447 8485 1
9829 9376 1
2281 475 1
997 63 2
3671 1353 1
839 717 3
10007 5498 1
19009 15053 1
4943 1801 1
1123 505 1
3719 385 1
487 296 1
29927 23452 1
431 2 3
3919 1225 1
3581 1914 1
2609 2546 1
11587 4305 1
1361 1169 1
7001 584 1
1103 208 1
509 168 2
3529 2561 1
433 309 2
19477 2905 1
4093 214 1
3989 3728 1
1433 1073 1
499 460 2
4673 650 1
10477 6585 1
173 119 6
9277 3213 1
4051 2480 1
8297 2934 1
131 63 6
1693 409 1
131 75 9
769 543 1
617 426 1
4987 152 1
1321 24 1
1553 1301 1
1949 1677 1
21163 19780 1
17827 9842 1
1187 1154 1
1009 942 1
521 350 1
1933 1838 1
1063 1001 1
163 75 6
163 78 5
14081 3062 1
739 523 1
1163 336 1
4463 1621 1
9839 3641 1
8369 4833 1
10243 3996 1
1249 859 1
5981 1277 1
277 184 3
10343 7451 1
79 11 9
1109 346 2
5 3 87
1669 306 1
4229 246 1
1973 46 1
1667 1074 1
641 233 2
67 56 10
38219 33759 1
919 679 2
3163 507 1
2531 813 1
317 175 2
1321 918 1
5779 4998 1
37 3 15
7103 2022 1
2609 2244 1
29629 7008 1
4219 193 1
37 24 13
1487 282 1
3613 1987 1
4111 2817 1
401 64 4
3943 1435 1
709 697 1
1301 94 1
2269 1805 1
449 1 3
241 90 4
8807 8448 1
3571 2461 1
1153 1001 2
643 195 1
5507 3972 1
797 583 1
617 118 2
9973 8564 1
4639 3912 1
1949 851 1
21163 6889 1
821 47 2
3371 2065 1
2 1 103
14923 5797 1
2339 1489 1
2237 627 1
5179 714 1
9281 6668 1
2741 2109 1
827 818 2
32321 16565 1
6079 4477 1
4463 2179 1
1559 1276 1
251 4 5
157 32 8
28081 21898 1
3187 1758 1
653 624 1
18617 808 1
9473 3939 1
4093 2440 1
20389 9775 1
36643 6275 1
1753 1104 1
383 199 1
11801 816 1
379 208 2
18539 5959 1
271 10 2
35089 14669 1
20593 12526 1
14983 3070 1
3769 1471 1
733 13 2
9341 7141 1
853 196 1
2069 344 1
193 32 3
523 373 2
9547 1810 1
701 210 2
2083 1502 2
3917 3556 1
61 13 17
30307 18491 1
431 175 2
5347 4252 1
563 337 2
3517 2719 1
1499 316 1
5011 4703 1
139 42 7
61 40 13
16001 4114 1
17509 9033 1
1097 226 1
9929 8137 1
389 140 4
13907 8791 1
1051 60 1
7 5 216
1489 96 2
11 2 43
4783 2536 1
16831 8256 1
2377 656 2
2267 714 1
3079 2311 1
12601 1241 1
419 351 2
2683 1956 2
28463 15979 1
359 84 3
353 349 2
1009 31 2
23 17 29
1249 790 1
4723 4201 1
883 122 2
883 131 1
1993 825 1
523 225 2
13933 1239 1
991 862 2
2393 305 1
2647 2198 2
883 670 2
2411 1436 1
6269 6134 1
1367 881 1
523 249 2
853 87 1
4729 2189 1
1321 1227 1
2027 560 1
149 108 6
2549 848 2
1709 713 1
761 383 3
3779 1228 1
887 307 1
239 113 4
2137 1544 1
19421 1195 1
353 64 3
0 0
