-929 1
-880 1
-874 1
-826 1
-781 1
-776 1
-727 1
-653 1
-597 1
-540 1
-522 1
-480 1
-478 1
-449 1
-384 1
-360 1
-318 1
-261 1
-247 1
-240 1
-213 1
-171 1
-170 1
-150 1
-135 1
-90 1
-67 1
-62 1
-52 1
10 1
31 1
32 1
38 1
75 1
90 1
122 1
206 1
210 1
222 1
243 1
266 1
270 1
284 1
337 1
344 1
346 1
351 1
378 1
385 1
412 1
418 1
424 1
432 1
433 1
460 1
461 1
475 1
516 1
587 1
611 1
677 1
684 1
718 1
794 1
808 1
825 1
904 1
953 1
964 1
985 1
-965 2
-839 2
-491 2
-303 2
-281 2
-267 2
-253 2
-95 2
-57 2
223 2
249 2
313 2
369 2
471 2
535 2
603 2
639 2
735 2
-991 3
-880 3
-796 3
-751 3
-736 3
-532 3
-514 3
-490 3
-475 3
-335 3
-244 3
-232 3
-194 3
-95 3
-92 3
-71 3
-8 3
8 3
79 3
199 3
281 3
533 3
622 3
688 3
784 3
809 3
898 3
902 3
-751 4
-693 4
-691 4
-267 4
-225 4
-103 4
237 4
271 4
319 4
321 4
519 4
601 4
-861 5
-849 5
-831 5
-794 5
-683 5
-652 5
-613 5
-497 5
-468 5
-456 5
-368 5
-187 5
-178 5
-136 5
-122 5
-63 5
-24 5
8 5
9 5
88 5
109 5
139 5
144 5
174 5
229 5
249 5
279 5
448 5
524 5
661 5
673 5
736 5
753 5
851 5
894 5
903 5
949 5
-691 6
-395 6
-359 6
-197 6
-151 6
-97 6
145 6
317 6
499 6
619 6
695 6
703 6
-874 7
-846 7
-836 7
-643 7
-640 7
-599 7
-508 7
-331 7
-311 7
-214 7
-187 7
-52 7
-2 7
59 7
88 7
110 7
206 7
226 7
457 7
487 7
717 7
722 7
737 7
944 7
964 7
-975 8
-691 8
-457 8
-349 8
-175 8
99 8
133 8
139 8
303 8
527 8
-928 9
-754 9
-470 9
-254 9
-181 9
-158 9
-106 9
-10 9
80 9
133 9
425 9
451 9
839 9
970 9
-713 10
-409 10
-351 10
99 10
113 10
163 10
281 10
287 10
357 10
563 10
793 10
-904 11
-861 11
-805 11
-772 11
-694 11
-642 11
-624 11
-617 11
-494 11
-241 11
-179 11
-92 11
-75 11
38 11
43 11
313 11
321 11
496 11
562 11
563 11
816 11
882 11
933 11
-437 12
-413 12
-193 12
305 12
347 12
583 12
-817 13
-655 13
-502 13
-465 13
-369 13
-340 13
-309 13
-166 13
-146 13
-35 13
63 13
112 13
120 13
170 13
198 13
268 13
334 13
552 13
730 13
733 13
746 13
763 13
779 13
828 13
929 13
941 13
953 13
-409 14
-355 14
-255 14
-225 14
-181 14
71 14
499 14
711 14
927 14
-383 15
-317 15
-176 15
-151 15
-128 15
74 15
292 15
353 15
404 15
407 15
692 15
907 15
929 15
-971 16
-907 16
-637 16
-503 16
-439 16
-301 16
-249 16
-27 16
19 16
105 16
119 16
157 16
255 16
461 16
757 16
879 16
-978 17
-707 17
-693 17
-636 17
-572 17
-541 17
-359 17
-338 17
-334 17
-313 17
-273 17
65 17
162 17
300 17
358 17
367 17
491 17
502 17
515 17
618 17
687 17
803 17
894 17
949 17
959 17
-959 18
-827 18
-673 18
-91 18
-85 18
-71 18
199 18
415 18
419 18
-668 19
-424 19
-264 19
-164 19
-60 19
8 19
27 19
36 19
84 19
102 19
223 19
249 19
288 19
303 19
320 19
336 19
445 19
686 19
726 19
858 19
997 19
-623 20
-433 20
-33 20
-19 20
7 20
33 20
321 20
431 20
527 20
579 20
743 20
-743 21
-293 21
-17 21
-13 21
104 21
817 21
827 21
859 21
-987 22
-905 22
-543 22
-469 22
-141 22
425 22
479 22
-985 23
-867 23
-797 23
-751 23
-670 23
-348 23
-300 23
-204 23
-47 23
-33 23
73 23
140 23
142 23
182 23
220 23
231 23
330 23
477 23
546 23
673 23
949 23
983 23
65 24
79 24
479 24
815 24
-334 25
-239 25
-157 25
-103 25
-27 25
-4 25
11 25
97 25
101 25
111 25
174 25
261 25
272 25
506 25
513 25
578 25
602 25
606 25
777 25
798 25
862 25
957 25
557 26
991 26
-896 27
-887 27
-878 27
-871 27
-844 27
-578 27
-83 27
206 27
296 27
527 27
923 27
965 27
135 28
373 28
-969 29
-821 29
-811 29
-780 29
-690 29
-615 29
-528 29
-411 29
-313 29
-170 29
-121 29
3 29
194 29
257 29
734 29
743 29
765 29
785 29
948 29
988 29
-673 30
997 30
-810 31
-748 31
-692 31
-636 31
-474 31
-313 31
-307 31
-268 31
-120 31
-9 31
214 31
668 31
824 31
945 31
-869 32
-323 32
-309 32
-159 32
-71 32
337 32
341 32
821 32
-647 33
-610 33
-304 33
-865 34
-571 34
-499 34
107 34
137 34
345 34
403 34
807 34
911 34
-893 35
-876 35
-692 35
-492 35
-472 35
-344 35
-213 35
-19 35
211 35
342 35
541 35
796 35
872 35
485 36
649 36
-718 37
-614 37
-466 37
-288 37
-165 37
-104 37
192 37
418 37
577 37
584 37
898 37
-825 38
-805 38
-783 38
-375 38
51 38
283 38
789 38
-568 39
-563 39
-440 39
392 39
443 39
508 39
737 39
859 39
-853 40
-597 40
109 40
441 40
-774 41
-568 41
-250 41
-200 41
-193 41
-185 41
-52 41
-49 41
228 41
275 41
332 41
455 41
458 41
490 41
-835 43
-685 43
-557 43
-406 43
-366 43
-277 43
-240 43
-232 43
-67 43
120 43
218 43
412 43
618 43
669 43
-281 44
329 44
357 44
-317 45
-178 45
-151 45
73 45
673 45
728 45
901 45
941 45
-551 46
97 46
255 46
381 46
933 46
971 46
-981 47
-928 47
-829 47
-121 47
-115 47
196 47
316 47
388 47
107 48
163 48
-659 49
-632 49
-519 49
-489 49
-260 49
529 49
-849 50
-737 50
-259 50
501 50
0 0
1277 561 1
1013 755 2
11953 3215 1
11321 6712 1
1301 19 1
14759 13401 1
25147 8560 1
307 38 1
3433 1084 1
139 58 5
1759 1457 1
1439 1354 1
3407 1397 1
1091 412 2
853 808 1
569 133 1
6959 1619 1
3121 2919 1
1283 877 2
89 56 11
1607 1492 2
8053 953 1
2903 1889 1
4157 1203 1
31319 21632 1
8467 6562 1
28517 795 1
11279 10961 1
3373 1371 1
461 87 2
8171 4625 1
211 10 6
21929 14035 1
971 402 1
2647 1693 1
1471 74 1
45307 36716 1
863 210 2
569 315 2
6197 1150 1
47 42 20
443 412 3
2689 1392 1
12143 1457 1
2633 592 1
587 47 2
2399 985 1
3251 2010 1
17959 4168 1
16481 1255 1
2339 206 1
5 1 79
59 48 11
83 6 6
3691 2811 1
2731 2496 1
223 156 4
409 362 1
4219 1030 1
4159 1141 1
13 1 41
9521 1527 1
4507 2613 1
18149 11834 1
103 0 7
317 155 2
83 39 6
211 204 3
4289 2985 1
251 132 4
14939 7854 1
211 210 5
5297 3642 1
29 25 23
2579 1138 1
2111 1418 1
1783 431 1
2089 1323 1
3343 2048 1
13709 8043 1
311 90 4
269 31 4
823 652 1
7109 1020 1
1627 466 1
569 185 2
3019 1085 1
5501 1422 1
1847 871 1
8629 2718 1
353 301 3
1201 430 1
1993 1667 1
2017 1119 1
2657 432 1
21787 5325 1
16249 13723 1
2999 1669 1
373 298 3
8963 270 1
6311 611 1
2633 1510 2
7877 4270 1
2383 1427 1
1753 554 1
1297 1203 1
14627 8496 1
8963 794 1
317 22 3
7243 5219 1
2897 1733 1
1901 186 1
1531 1331 1
839 313 1
1361 1101 1
8093 981 1
4337 869 1
6803 6371 1
83 46 8
347 254 4
673 604 2
173 39 9
1613 71 1
1259 284 1
7639 6146 1
103 37 9
2141 94 1
2579 645 1
281 270 4
2857 186 1
3253 2863 1
2333 1973 1
3593 2034 1
263 175 2
7789 3742 1
23057 16005 1
8971 985 1
1583 1435 1
2309 744 1
1249 222 1
61 32 15
3 0 154
2339 1366 1
7 3 51
499 89 2
941 119 1
11 6 49
1427 74 1
1523 320 1
1327 1299 1
1451 71 1
727 122 1
12073 8310 1
1201 494 1
1181 146 1
257 167 4
6043 863 1
2083 840 1
4261 3351 1
1667 1018 1
1873 1188 1
1931 830 1
293 125 5
8839 3500 1
2029 1707 1
2503 272 1
1871 953 1
7753 460 1
857 91 1
937 849 1
3557 1077 1
10433 8034 1
19319 9961 1
7879 5528 1
563 211 1
1783 344 2
631 91 2
821 291 2
349 65 2
659 64 1
5197 684 1
787 247 3
8269 2603 1
15727 9615 1
331 6 2
941 141 1
1621 677 2
11437 3735 1
941 150 1
3719 2046 1
577 134 1
1801 1169 1
3583 2920 1
4973 3286 1
677 362 2
4637 4121 1
8423 1113 1
47419 25202 1
1733 914 2
2251 1708 1
5749 4062 1
21397 8881 1
4259 3087 1
3821 1646 1
1867 433 1
7883 4862 1
1033 941 3
1747 1673 2
59 7 14
2011 1491 1
59 19 13
1667 1442 2
1033 72 2
983 921 2
1619 237 1
9067 1489 1
8297 5994 1
809 706 2
5 -1 87
4409 3529 1
8039 2324 1
8191 5668 1
71 43 11
479 389 4
743 707 1
1733 718 1
929 410 1
11383 718 1
1777 1039 1
103 1 9
2333 106 1
8287 3601 1
6553 5496 1
8287 401 1
2633 2186 1
1069 587 3
3593 2507 1
2741 994 1
37 17 15
41 14 17
5669 4174 1
2029 1432 1
1201 380 1
1931 1478 1
131 123 6
739 392 1
16567 4670 1
193 158 7
919 866 1
12251 9331 1
4481 2603 1
15551 14331 1
2341 2095 1
1721 945 1
2153 740 1
5669 4725 1
5879 266 1
1567 185 2
6571 4502 1
26863 9883 1
3109 1582 1
743 425 1
1229 889 1
563 478 1
1733 1463 1
109 79 7
1789 358 1
617 141 3
4657 3643 1
6577 2472 1
199 78 6
5683 5008 1
499 229 2
607 433 2
11731 1551 1
5011 4469 1
1033 103 1
4019 1907 1
1301 811 1
251 9 4
4099 355 1
1657 354 1
463 435 1
2383 1970 1
5563 4468 1
757 339 1
9473 7668 1
1093 424 1
107 20 6
9241 378 1
2377 2268 1
839 475 1
173 70 8
677 638 2
4241 824 1
3373 2547 1
431 174 4
337 202 4
1303 764 1
5737 266 1
421 61 4
3631 2651 1
8609 5858 1
139 41 4
5849 3292 1
2027 1240 1
2381 143 1
13763 2234 1
5527 1552 1
11 10 37
18451 2218 1
881 347 2
23873 16356 1
1217 822 1
39419 31369 1
1861 1540 1
4447 1182 1
467 284 3
8009 6137 1
1061 333 1
23447 8485 1
2281 475 1
997 63 1
3671 1353 1
839 717 1
4943 1801 1
10303 8468 1
5119 1376 1
1123 505 1
3719 385 1
487 296 2
431 2 2
3919 1225 1
5039 3461 1
1361 1148 1
16061 904 1
11587 4305 1
1361 1169 1
9161 5682 1
1103 208 2
509 168 3
9277 2671 1
433 309 4
19477 2905 1
3989 3728 1
1433 1073 1
499 460 1
4673 650 1
10477 6585 1
173 119 7
2749 38 1
2473 2164 1
8297 2934 1
131 63 5
1693 409 1
2963 2512 1
131 75 9
769 543 1
617 426 1
4987 152 1
1949 1677 1
17827 9842 1
1187 1154 2
2377 1993 1
1697 954 1
1009 942 2
11863 5219 1
521 350 1
14723 4905 1
1933 1838 1
1063 1001 1
163 75 7
163 78 4
1163 336 1
6971 3050 1
4463 1621 1
9839 3641 1
10243 3996 1
1249 859 1
19913 7178 1
277 184 4
10343 7451 1
79 11 11
1109 346 1
5 3 74
1669 306 1
4229 246 1
641 233 3
1597 51 1
39971 33894 1
34949 8564 1
67 56 11
38219 33759 1
919 679 2
23081 7039 1
24391 8567 1
2531 813 1
317 175 3
1321 918 1
8963 8389 1
5779 4998 1
5279 2513 1
37 3 14
2657 231 1
12517 9239 1
7103 2022 1
2347 1268 1
2609 2244 1
4219 193 1
37 24 16
1487 282 1
4111 2817 1
401 64 3
3943 1435 1
709 697 1
1301 94 2
2269 1805 1
3931 3781 1
8011 5407 1
449 1 3
241 90 4
3571 2461 1
643 195 2
5507 3972 1
1669 658 1
797 583 1
617 118 1
9973 8564 1
4639 3912 1
8377 4313 1
1949 851 1
21163 6889 1
3623 2797 1
821 47 1
2 1 107
14923 5797 1
2339 1489 1
2237 627 1
19421 6992 1
827 818 2
2287 302 1
6079 4477 1
2657 1485 1
1559 1276 1
251 4 3
157 32 8
28081 21898 1
6473 4210 1
653 624 2
18617 808 1
9473 3939 1
24697 9350 1
2207 592 1
20389 9775 1
1753 1104 1
383 199 1
379 208 4
271 10 3
35089 14669 1
20593 12526 1
12433 1052 1
733 13 1
853 196 1
2069 344 2
821 768 2
193 32 4
523 373 3
2543 722 1
9547 1810 1
701 210 4
2083 1502 1
61 13 14
431 175 3
5347 4252 1
5527 5229 1
563 337 1
1787 1369 1
2389 1909 2
3517 2719 1
1499 316 1
139 42 6
1129 556 1
61 40 8
16001 4114 1
1097 226 1
389 140 3
1051 60 1
7 5 208
1489 96 1
11 2 46
4783 2536 1
2377 656 2
2267 714 1
3079 2311 1
12601 1241 1
419 351 2
2683 1956 2
28463 15979 1
359 84 2
353 349 2
1009 31 1
23 17 28
1249 790 1
4723 4201 1
883 122 1
773 686 1
10601 2818 1
883 131 2
1993 825 1
5009 3736 1
523 225 2
991 862 2
2393 305 1
2647 2198 1
883 670 2
2411 1436 1
6269 6134 1
523 249 1
1321 1227 1
2027 560 1
8887 7032 1
149 108 5
2549 848 1
761 383 2
3779 1228 1
239 113 2
19421 1195 1
353 64 3
0 0
