-996 1
-898 1
-880 1
-826 1
-821 1
-766 1
-723 1
-720 1
-700 1
-653 1
-642 1
-597 1
-522 1
-519 1
-480 1
-453 1
-448 1
-443 1
-429 1
-384 1
-347 1
-318 1
-282 1
-240 1
-170 1
-150 1
-135 1
-122 1
-90 1
-88 1
-67 1
-62 1
-39 1
31 1
46 1
71 1
74 1
75 1
87 1
89 1
90 1
96 1
103 1
123 1
206 1
210 1
243 1
255 1
270 1
337 1
346 1
353 1
354 1
378 1
385 1
424 1
460 1
558 1
587 1
611 1
638 1
670 1
677 1
718 1
808 1
824 1
859 1
874 1
904 1
953 1
964 1
-947 2
-869 2
-839 2
-827 2
-733 2
-333 2
-303 2
-281 2
-267 2
-219 2
-95 2
-57 2
97 2
457 2
471 2
515 2
535 2
603 2
867 2
921 2
-991 3
-751 3
-736 3
-608 3
-514 3
-512 3
-509 3
-475 3
-356 3
-335 3
-92 3
-62 3
-8 3
8 3
35 3
79 3
88 3
148 3
208 3
301 3
362 3
388 3
529 3
533 3
688 3
788 3
902 3
-751 4
-693 4
-691 4
-597 4
-359 4
-343 4
-239 4
-235 4
-225 4
45 4
357 4
413 4
599 4
843 4
937 4
-914 5
-849 5
-831 5
-804 5
-794 5
-654 5
-652 5
-507 5
-497 5
-468 5
-456 5
-289 5
-187 5
-176 5
-136 5
-102 5
-99 5
-24 5
8 5
86 5
109 5
144 5
229 5
279 5
294 5
309 5
344 5
402 5
448 5
497 5
524 5
529 5
547 5
589 5
648 5
736 5
803 5
851 5
894 5
949 5
-871 6
-823 6
-305 6
-265 6
-197 6
61 6
145 6
499 6
619 6
695 6
703 6
-951 7
-874 7
-836 7
-614 7
-603 7
-599 7
-331 7
-311 7
-187 7
-134 7
-90 7
-52 7
59 7
88 7
96 7
110 7
165 7
206 7
310 7
341 7
372 7
457 7
487 7
572 7
717 7
944 7
964 7
-945 8
-721 8
-669 8
-457 8
-349 8
-331 8
-215 8
-63 8
33 8
99 8
133 8
139 8
495 8
-928 9
-853 9
-470 9
-356 9
-254 9
-181 9
-158 9
-10 9
101 9
376 9
539 9
-887 10
-571 10
-549 10
-391 10
-367 10
-351 10
-107 10
99 10
113 10
127 10
163 10
183 10
279 10
281 10
287 10
563 10
793 10
-925 11
-919 11
-694 11
-648 11
-519 11
-241 11
-112 11
38 11
43 11
64 11
260 11
321 11
496 11
563 11
728 11
816 11
933 11
-437 12
-413 12
-227 12
-193 12
-173 12
-155 12
305 12
347 12
-857 13
-817 13
-808 13
-502 13
-340 13
-309 13
-166 13
-120 13
-35 13
58 13
112 13
120 13
122 13
138 13
198 13
268 13
591 13
698 13
763 13
953 13
-869 14
-683 14
-409 14
-355 14
-255 14
15 14
157 14
177 14
395 14
499 14
927 14
-776 15
-404 15
-317 15
-268 15
-251 15
-176 15
-151 15
-128 15
353 15
418 15
439 15
692 15
907 15
929 15
-637 16
-555 16
-365 16
19 16
105 16
119 16
255 16
757 16
779 16
879 16
927 16
941 16
-707 17
-693 17
-677 17
-559 17
-541 17
-359 17
-338 17
-334 17
-313 17
-273 17
-50 17
-48 17
65 17
120 17
162 17
419 17
465 17
491 17
515 17
618 17
687 17
772 17
803 17
824 17
949 17
959 17
-967 18
-827 18
-673 18
-91 18
-85 18
-71 18
199 18
415 18
419 18
781 18
803 18
-701 19
-295 19
84 19
102 19
192 19
504 19
858 19
872 19
997 19
-33 20
-19 20
33 20
407 20
431 20
527 20
579 20
-743 21
-13 21
320 21
356 21
-905 22
-711 22
425 22
477 22
-985 23
-751 23
-692 23
-204 23
182 23
330 23
402 23
546 23
673 23
710 23
886 23
982 23
983 23
-601 24
-497 24
43 24
65 24
79 24
479 24
775 24
815 24
-708 25
-651 25
-594 25
-456 25
-334 25
-239 25
-103 25
56 25
101 25
111 25
174 25
181 25
272 25
513 25
602 25
777 25
862 25
912 25
-851 26
-229 26
-17 26
721 26
805 26
991 26
-896 27
-578 27
-313 27
-295 27
-229 27
-178 27
-83 27
206 27
470 27
527 27
911 27
923 27
965 27
-673 28
135 28
575 28
-969 29
-811 29
-780 29
-690 29
-678 29
-670 29
-528 29
-411 29
-313 29
-170 29
-121 29
-10 29
3 29
62 29
89 29
194 29
257 29
301 29
785 29
983 29
988 29
-79 30
-810 31
-748 31
-547 31
-313 31
-230 31
-120 31
-9 31
214 31
945 31
-887 32
-323 32
-71 32
341 32
721 32
769 32
-647 33
-632 33
298 33
709 33
-865 34
-571 34
-499 34
137 34
653 34
681 34
807 34
911 34
-893 35
-876 35
-667 35
-472 35
-233 35
-213 35
-43 35
211 35
323 35
342 35
388 35
796 35
872 35
993 35
485 36
649 36
-614 37
-425 37
-288 37
-235 37
-104 37
-27 37
115 37
192 37
234 37
584 37
605 37
954 37
-825 38
-805 38
-67 38
169 38
283 38
547 38
789 38
-743 39
-563 39
-350 39
-148 39
392 39
443 39
737 39
-943 40
-853 40
-753 40
-673 40
-393 40
701 40
-774 41
-427 41
-250 41
-193 41
-49 41
228 41
275 41
455 41
641 41
774 41
948 41
-415 42
-1 42
755 42
-786 43
-778 43
-685 43
-557 43
-406 43
-372 43
-240 43
-232 43
-67 43
18 43
155 43
168 43
179 43
255 43
390 43
412 43
500 43
-923 44
-281 44
325 44
329 44
651 44
-317 45
-178 45
-151 45
-56 45
73 45
131 45
673 45
728 45
901 45
941 45
97 46
933 46
-981 47
-829 47
-696 47
-167 47
-121 47
-115 47
196 47
316 47
388 47
864 47
107 48
163 48
-633 49
-519 49
-489 49
-358 49
-260 49
-94 49
776 49
-981 50
-737 50
-297 50
-259 50
501 50
571 50
0 0
1277 561 1
1013 755 2
25147 8560 1
1609 1572 1
307 38 1
139 58 5
1439 1354 1
3407 1397 1
1091 412 1
853 808 2
569 133 2
6959 1619 1
3121 2919 1
1283 877 1
89 56 6
1607 1492 2
8053 953 1
2903 1889 1
4157 1203 1
8467 6562 1
11279 10961 1
3373 1371 1
461 87 2
1181 51 1
211 10 4
971 402 2
2647 1693 1
1471 74 1
14627 7542 1
863 210 1
569 315 2
6197 1150 1
13003 11692 1
47 42 17
5087 1477 1
443 412 1
3581 928 1
587 47 1
2399 985 1
3251 2010 1
16481 1255 1
2339 206 1
5 1 87
59 48 8
83 6 11
3691 2811 1
2731 2496 1
223 156 5
409 362 2
4159 1141 1
13 1 40
4507 2613 1
4817 2996 1
103 0 9
317 155 3
83 39 3
211 204 5
4289 2985 1
251 132 4
211 210 6
2381 932 1
10193 5933 1
1789 1553 1
5297 3642 1
29 25 19
2579 1138 1
30469 9052 1
2089 1323 1
25447 21724 1
3343 2048 2
5801 2427 1
13709 8043 1
311 90 4
13829 8235 1
269 31 4
823 652 2
7109 1020 1
569 185 2
8629 2718 1
353 301 4
1201 430 1
1993 1667 1
2017 1119 1
12941 6931 1
2657 432 1
21787 5325 1
3463 2297 1
16249 13723 1
2999 1669 1
373 298 4
8963 270 1
34511 32910 1
2791 353 2
6311 611 1
2633 1510 1
7877 4270 1
3259 594 1
2383 1427 1
1753 554 1
14627 8496 1
317 22 3
7243 5219 1
2897 1733 1
28309 22271 1
1901 186 1
1531 1331 1
839 313 1
1361 1101 1
8093 981 1
4337 869 1
6199 1464 1
1373 1092 1
6803 6371 1
83 46 7
347 254 3
673 604 2
173 39 7
1699 558 1
2729 1798 1
41399 15386 1
1613 71 1
1259 284 1
103 37 9
2141 94 1
281 270 5
2857 186 1
3253 2863 1
9209 3789 1
2333 1973 1
3593 2034 1
263 175 5
7789 3742 1
1583 1435 1
61 32 11
3 0 140
2339 1366 1
7 3 48
9923 9308 1
499 89 2
941 119 1
11 6 46
1427 74 1
1523 320 1
7517 2335 1
1327 1299 1
3343 353 1
1451 71 1
727 122 2
1181 146 2
257 167 5
2971 1778 1
4261 3351 1
21187 8344 1
1873 1188 1
1931 830 1
293 125 4
2029 1707 1
2503 272 1
1871 953 1
7753 460 1
857 91 3
3181 2481 1
937 849 2
3557 1077 1
10433 8034 1
19319 9961 1
7879 5528 1
563 211 2
1783 344 1
631 91 1
821 291 1
349 65 2
9029 1045 1
659 64 1
6841 5256 1
787 247 2
8971 6050 1
8269 2603 1
15727 9615 1
331 6 3
7001 6281 1
2111 617 1
941 141 1
1621 677 3
2423 1643 1
1993 187 1
941 150 1
3719 2046 1
577 134 3
1801 1169 1
3583 2920 1
4973 3286 1
8423 1113 1
47419 25202 1
1733 914 1
5749 4062 1
21397 8881 1
4259 3087 1
3821 1646 1
1867 433 1
7883 4862 1
14923 11403 1
1033 941 2
48679 42874 1
1747 1673 2
59 7 13
1621 859 1
59 19 14
2557 1734 1
677 535 1
1033 72 3
983 921 1
1619 237 1
8297 5994 1
10501 6400 1
809 706 3
5 -1 97
13219 8913 1
977 695 1
4409 3529 1
13259 11157 1
8039 2324 1
8191 5668 1
71 43 15
479 389 3
743 707 2
1733 718 1
929 410 1
11383 718 1
2357 960 1
1777 1039 2
2153 540 1
103 1 7
2333 106 1
60649 31083 1
2393 409 1
1069 587 3
3593 2507 1
13807 12210 1
1637 1044 1
967 639 1
2741 994 1
37 17 17
12893 4128 1
739 371 1
41 14 15
2029 1432 1
1201 380 1
1931 1478 1
131 123 5
739 392 1
193 158 6
919 866 2
4481 2603 1
15551 14331 1
10853 2961 1
2341 2095 1
2153 740 1
5669 4725 1
1567 185 1
3109 1582 2
743 425 2
4297 2677 1
1229 889 1
563 478 2
1733 1463 1
109 79 8
1789 358 2
617 141 2
6577 2472 1
6947 827 1
199 78 7
5683 5008 1
499 229 1
607 433 1
11731 1551 1
1033 103 1
1301 811 1
251 9 4
4099 355 1
25633 19842 1
1657 354 2
463 435 2
4937 764 1
5563 4468 1
757 339 2
9473 7668 1
4937 4494 1
1093 424 1
107 20 6
9241 378 1
2377 2268 1
839 475 1
173 70 5
677 638 2
2389 458 1
4241 824 1
3373 2547 1
1783 457 1
431 174 6
337 202 2
37691 2781 1
421 61 2
2153 1143 1
3631 2651 1
18047 5048 1
139 41 6
2027 1240 1
2477 874 1
5527 1552 1
11 10 45
881 347 1
1217 822 1
5279 421 1
39419 31369 1
467 284 2
8009 6137 1
1061 333 1
23447 8485 1
9829 9376 1
2281 475 1
997 63 1
3671 1353 1
839 717 2
10007 5498 1
19009 15053 1
4943 1801 1
10303 8468 1
5119 1376 1
1123 505 1
3719 385 1
487 296 2
29927 23452 1
431 2 2
5039 3461 1
2029 294 1
16061 904 1
12347 11624 1
9161 5682 1
7001 584 1
14621 8853 1
1103 208 1
509 168 3
3529 2561 1
433 309 3
19477 2905 1
499 460 2
173 119 5
6359 1679 1
2473 2164 1
9277 3213 1
8297 2934 1
131 63 7
1693 409 1
131 75 8
769 543 1
617 426 3
4987 152 1
1949 1677 1
21163 19780 1
1187 1154 2
2377 1993 1
1697 954 1
1009 942 1
11863 5219 1
521 350 1
14723 4905 1
1933 1838 1
1063 1001 1
163 75 5
163 78 7
6971 3050 1
4463 1621 1
6673 354 1
9839 3641 1
1249 859 2
19913 7178 1
277 184 2
10343 7451 1
79 11 10
1109 346 1
5 3 75
1669 306 1
4229 246 1
1973 46 1
641 233 3
1597 51 1
34949 8564 1
67 56 9
38219 33759 1
10037 1171 1
919 679 1
23081 7039 1
24391 8567 1
2531 813 1
317 175 3
1321 918 1
8963 8389 1
37 3 18
2657 231 1
7103 2022 1
2347 1268 1
2609 2244 1
37 24 15
1487 282 1
4111 2817 1
401 64 1
3943 1435 1
709 697 1
1301 94 3
2269 1805 1
3931 3781 1
449 1 2
241 90 2
1153 1001 2
643 195 1
5507 3972 1
21313 9048 1
797 583 1
617 118 2
9973 8564 1
1949 851 1
3623 2797 1
821 47 1
2 1 99
2237 627 1
11443 4077 1
5179 714 1
827 818 2
743 575 1
5441 2196 1
2287 302 1
6079 4477 1
1559 1276 1
251 4 3
157 32 8
28081 21898 1
3187 1758 1
653 624 1
29027 12354 1
18617 808 1
4093 2440 1
24697 9350 1
20389 9775 1
36643 6275 1
383 199 1
11801 816 1
379 208 2
271 10 3
9241 6407 1
20593 12526 1
3769 1471 1
733 13 1
853 196 1
2069 344 1
821 768 1
193 32 2
523 373 2
9547 1810 1
701 210 2
2083 1502 1
61 13 11
431 175 2
563 337 1
1787 1369 1
2389 1909 1
1499 316 1
139 42 5
1129 556 1
61 40 10
17509 9033 1
9929 8137 1
389 140 4
13907 8791 1
1051 60 1
7 5 210
1489 96 2
11 2 35
4783 2536 1
2377 656 2
2267 714 1
419 351 1
2683 1956 1
359 84 2
353 349 1
1009 31 3
23 17 28
4723 4201 1
773 686 2
883 131 1
5009 3736 1
523 225 2
991 862 2
2647 2198 2
883 670 2
2411 1436 1
6269 6134 1
11839 9640 1
523 249 1
853 87 1
4729 2189 1
1321 1227 1
2027 560 1
20939 19679 1
149 108 5
2549 848 1
1709 713 1
761 383 3
887 307 1
239 113 1
2137 1544 1
26237 8257 1
353 64 3
0 0
