-996 1
-995 1
-961 1
-929 1
-898 1
-880 1
-850 1
-776 1
-723 1
-700 1
-653 1
-597 1
-593 1
-569 1
-522 1
-519 1
-480 1
-453 1
-449 1
-443 1
-384 1
-360 1
-347 1
-321 1
-318 1
-142 1
-135 1
-90 1
32 1
46 1
71 1
74 1
90 1
103 1
122 1
123 1
143 1
206 1
210 1
222 1
243 1
255 1
284 1
320 1
336 1
346 1
351 1
353 1
378 1
418 1
424 1
432 1
475 1
516 1
556 1
572 1
592 1
656 1
677 1
684 1
764 1
794 1
808 1
824 1
859 1
868 1
874 1
904 1
985 1
-947 2
-871 2
-869 2
-839 2
-733 2
-333 2
-281 2
-253 2
-219 2
-57 2
-7 2
97 2
247 2
249 2
407 2
457 2
515 2
535 2
735 2
781 2
809 2
-991 3
-916 3
-731 3
-608 3
-475 3
-466 3
-446 3
-244 3
-232 3
-194 3
-95 3
-71 3
-62 3
8 3
88 3
199 3
281 3
301 3
362 3
529 3
604 3
743 3
788 3
-863 4
-633 4
-597 4
-575 4
-359 4
-343 4
-267 4
-235 4
-103 4
-41 4
45 4
237 4
271 4
303 4
319 4
343 4
357 4
405 4
519 4
545 4
-914 5
-861 5
-794 5
-709 5
-652 5
-507 5
-497 5
-468 5
-289 5
-221 5
-187 5
-178 5
-177 5
-176 5
-122 5
-102 5
-99 5
-66 5
-63 5
-24 5
8 5
9 5
86 5
88 5
229 5
249 5
261 5
279 5
294 5
497 5
529 5
547 5
648 5
673 5
851 5
903 5
949 5
-823 6
-395 6
-359 6
-305 6
-265 6
-151 6
-131 6
-95 6
449 6
619 6
691 6
695 6
-951 7
-870 7
-836 7
-824 7
-643 7
-614 7
-603 7
-508 7
-456 7
-331 7
-311 7
-214 7
-90 7
-32 7
-2 7
59 7
88 7
110 7
148 7
165 7
204 7
310 7
572 7
590 7
717 7
722 7
944 7
-945 8
-721 8
-691 8
-559 8
-457 8
-349 8
-135 8
-63 8
33 8
133 8
139 8
303 8
495 8
527 8
561 8
577 8
-928 9
-853 9
-836 9
-470 9
-356 9
-254 9
-181 9
-158 9
-106 9
164 9
425 9
512 9
539 9
647 9
970 9
-597 10
-351 10
-221 10
99 10
127 10
217 10
281 10
563 10
793 10
827 10
-925 11
-919 11
-831 11
-694 11
-676 11
-648 11
-624 11
-519 11
-494 11
-438 11
-354 11
-304 11
-179 11
-112 11
-109 11
-75 11
-54 11
38 11
43 11
64 11
203 11
256 11
260 11
313 11
321 11
496 11
509 11
563 11
601 11
728 11
816 11
-227 12
-155 12
305 12
583 12
935 12
-990 13
-808 13
-465 13
-369 13
-309 13
-146 13
63 13
120 13
122 13
170 13
198 13
334 13
412 13
552 13
698 13
703 13
730 13
746 13
870 13
941 13
-955 14
-869 14
-683 14
-435 14
319 14
625 14
927 14
-776 15
-674 15
-404 15
-268 15
-251 15
-217 15
-128 15
292 15
304 15
353 15
404 15
407 15
418 15
508 15
692 15
754 15
929 15
-907 16
-637 16
-555 16
-503 16
-439 16
-365 16
-301 16
-249 16
-27 16
19 16
119 16
255 16
355 16
461 16
757 16
779 16
879 16
927 16
-989 17
-693 17
-619 17
-572 17
-559 17
-541 17
-363 17
-313 17
-48 17
19 17
65 17
162 17
226 17
309 17
358 17
367 17
419 17
465 17
491 17
502 17
515 17
772 17
824 17
894 17
959 17
-967 18
-827 18
-425 18
-91 18
-85 18
25 18
199 18
415 18
419 18
769 18
781 18
-880 19
-701 19
-430 19
-295 19
-264 19
-232 19
-220 19
-164 19
36 19
249 19
320 19
336 19
434 19
445 19
504 19
773 19
858 19
872 19
-433 20
-261 20
-201 20
-33 20
7 20
33 20
431 20
527 20
-17 21
817 21
-987 22
-711 22
-543 22
-157 22
425 22
431 22
479 22
-867 23
-797 23
-751 23
-410 23
-363 23
-300 23
-204 23
73 23
182 23
432 23
477 23
515 23
538 23
546 23
550 23
673 23
710 23
885 23
949 23
982 23
983 23
-601 24
-245 24
79 24
347 24
775 24
-708 25
-594 25
-456 25
-239 25
-157 25
-142 25
-27 25
-4 25
111 25
174 25
181 25
578 25
586 25
602 25
777 25
798 25
862 25
912 25
-851 26
-235 26
123 26
557 26
599 26
643 26
805 26
991 26
-871 27
-760 27
-229 27
-178 27
206 27
296 27
448 27
470 27
965 27
135 28
373 28
605 28
-969 29
-811 29
-780 29
-670 29
-527 29
-411 29
-313 29
-170 29
-149 29
-132 29
-121 29
-104 29
-10 29
3 29
6 29
8 29
26 29
123 29
259 29
273 29
765 29
772 29
983 29
-673 30
-343 30
229 30
997 30
-991 31
-547 31
-536 31
-268 31
-230 31
214 31
-917 32
-869 32
-583 32
-159 32
281 32
337 32
769 32
821 32
859 32
-640 33
-304 33
298 33
530 33
994 33
-499 34
-215 34
107 34
115 34
137 34
653 34
807 34
963 34
-893 35
-839 35
-692 35
-667 35
-492 35
-213 35
-43 35
211 35
323 35
342 35
388 35
687 35
796 35
341 36
353 36
-718 37
-614 37
-466 37
-165 37
-103 37
-27 37
115 37
192 37
234 37
418 37
505 37
584 37
898 37
-913 38
-805 38
-67 38
169 38
-568 39
-385 39
-209 39
-148 39
166 39
392 39
443 39
508 39
-943 40
-853 40
-833 40
-673 40
-629 40
-393 40
-17 40
441 40
701 40
-722 41
-427 41
-337 41
-185 41
-49 41
-12 41
275 41
332 41
455 41
490 41
641 41
906 41
-415 42
755 42
-987 43
-835 43
-786 43
-778 43
-475 43
-406 43
-366 43
-103 43
120 43
145 43
155 43
179 43
218 43
277 43
412 43
427 43
618 43
704 43
803 43
-923 44
-281 44
325 44
329 44
-317 45
-178 45
-151 45
-56 45
548 45
626 45
728 45
901 45
-591 46
-551 46
-271 46
255 46
265 46
455 46
-167 47
-115 47
741 47
864 47
-829 48
-343 48
107 48
-541 49
-519 49
-489 49
-358 49
-193 49
-1 49
989 49
-981 50
-737 50
-297 50
153 50
0 0
1277 561 1
1013 755 1
11953 3215 1
11321 6712 1
14759 13401 1
39359 9635 1
1609 1572 1
307 38 1
3433 1084 1
139 58 4
2741 572 1
1759 1457 1
1439 1354 2
3407 1397 1
3041 2137 1
1091 412 1
853 808 1
569 133 2
6959 1619 1
3121 2919 1
1283 877 1
1579 1534 1
6661 5856 1
89 56 8
1607 1492 1
2903 1889 1
8467 6562 1
28517 795 1
11279 10961 1
461 87 4
1181 51 1
8171 4625 1
211 10 7
971 402 2
2647 1693 1
1471 74 1
45307 36716 1
14627 7542 1
863 210 2
1279 1044 2
6277 2301 1
569 315 1
6197 1150 1
47 42 17
5087 1477 1
443 412 3
3581 928 1
2689 1392 1
12143 1457 1
2633 592 1
2099 334 1
587 47 1
2399 985 2
3251 2010 1
17959 4168 1
2339 206 1
5 1 84
59 48 13
5801 3132 1
83 6 8
3691 2811 1
3121 309 1
223 156 4
409 362 4
4159 1141 1
13 1 41
9521 1527 1
4817 2996 2
103 0 10
317 155 4
83 39 4
211 204 5
251 132 4
9857 1621 1
14939 7854 1
211 210 5
2381 932 1
10193 5933 1
5297 3642 1
2803 1525 1
29 25 17
2111 1418 1
2089 1323 1
25447 21724 1
5801 2427 1
311 90 4
13829 8235 1
269 31 5
823 652 1
1627 466 1
569 185 1
3019 1085 1
3121 143 1
5501 1422 1
8629 2718 1
353 301 3
1201 430 1
2017 1119 1
2657 432 1
21787 5325 1
1087 119 1
33113 27031 1
2999 1669 1
373 298 2
34511 32910 1
2791 353 2
2633 1510 1
7877 4270 1
3259 594 1
1753 554 1
1297 1203 1
8963 794 1
317 22 5
2897 1733 1
839 313 1
1361 1101 1
8093 981 1
4337 869 1
6199 1464 1
6803 6371 1
83 46 9
347 254 3
673 604 2
3301 1725 1
173 39 7
1699 558 1
5011 2709 1
5749 1985 1
41399 15386 1
1613 71 1
1259 284 1
103 37 9
2141 94 1
5039 2673 1
2579 645 1
281 270 3
2857 186 1
3253 2863 1
2333 1973 1
3593 2034 1
263 175 5
23057 16005 1
8971 985 2
1583 1435 1
2309 744 1
1249 222 2
61 32 11
3 0 145
2339 1366 1
7 3 51
9923 9308 1
499 89 2
941 119 1
11 6 44
1427 74 1
1523 320 1
2609 556 1
1327 1299 1
3343 353 1
1451 71 2
727 122 2
1201 494 1
1181 146 1
4229 2488 1
257 167 5
2971 1778 1
6043 863 1
2083 840 1
4261 3351 1
1873 1188 1
1931 830 1
293 125 5
8839 3500 1
2029 1707 1
2503 272 1
857 91 2
3181 2481 1
937 849 2
3557 1077 1
7879 5528 1
563 211 2
1783 344 1
631 91 2
821 291 3
349 65 3
17189 9691 1
659 64 2
5197 684 1
6841 5256 1
787 247 2
331 6 2
7001 6281 1
2111 617 1
941 141 2
1621 677 2
2423 1643 1
11437 3735 1
1993 187 1
4073 2732 1
16573 12331 1
3719 2046 1
577 134 3
1801 1169 1
3583 2920 1
4973 3286 1
677 362 2
4637 4121 1
1733 914 1
5749 4062 1
4259 3087 1
3821 1646 1
10079 2964 1
5119 882 1
1033 941 2
48679 42874 1
1747 1673 1
59 7 12
1621 859 1
9781 277 1
2011 1491 1
59 19 12
2557 1734 1
677 535 1
1033 72 2
983 921 1
8297 5994 1
10501 6400 1
809 706 4
5 -1 86
13219 8913 1
977 695 1
4409 3529 1
13259 11157 1
71 43 13
5573 5187 1
479 389 4
743 707 2
1733 718 1
929 410 1
2357 960 1
1777 1039 1
2153 540 1
103 1 5
2333 106 1
2393 409 1
1069 587 2
13807 12210 1
1637 1044 1
967 639 2
2741 994 1
37 17 17
739 371 1
41 14 16
2029 1432 1
1201 380 2
1931 1478 1
131 123 7
739 392 2
16567 4670 1
193 158 7
919 866 1
4481 2603 1
15551 14331 1
10853 2961 1
2341 2095 1
1721 945 1
2153 740 1
5669 4725 1
1567 185 1
6571 4502 1
26863 9883 1
3109 1582 1
743 425 1
4297 2677 1
1229 889 2
563 478 2
1733 1463 2
109 79 7
1789 358 1
617 141 2
6577 2472 1
2459 2183 1
199 78 5
5683 5008 1
499 229 2
607 433 1
1033 103 1
251 9 6
25633 19842 1
1657 354 1
463 435 2
4937 764 1
2383 1970 1
5563 4468 1
757 339 1
4937 4494 1
1093 424 2
107 20 6
9241 378 1
5779 2587 1
2377 2268 1
839 475 2
173 70 5
677 638 1
2389 458 1
4241 824 1
1783 457 2
431 174 3
337 202 3
1303 764 1
20747 19897 1
421 61 3
2153 1143 1
139 41 7
5849 3292 1
2027 1240 1
2381 143 1
13763 2234 1
2477 874 1
5527 1552 1
11 10 33
881 347 2
23873 16356 1
1217 822 1
5279 421 1
1861 1540 1
467 284 3
8009 6137 1
1061 333 1
1889 1507 1
9829 9376 1
2281 475 1
997 63 2
839 717 2
10007 5498 1
19009 15053 1
4943 1801 1
10303 8468 1
5119 1376 1
1123 505 1
3607 2497 1
3719 385 1
487 296 3
29927 23452 1
431 2 2
3919 1225 1
3581 1914 1
5039 3461 1
2029 294 1
1361 1148 1
16061 904 1
12347 11624 1
2609 2546 1
9161 5682 1
1103 208 2
509 168 3
3529 2561 1
433 309 3
1433 1073 1
499 460 1
4673 650 1
173 119 5
12527 1099 1
6359 1679 1
2473 2164 1
9277 3213 1
131 63 6
1693 409 1
2963 2512 1
131 75 7
769 543 2
617 426 2
6781 2677 1
1321 24 1
1553 1301 1
21163 19780 1
1187 1154 2
2377 1993 1
1009 942 1
11863 5219 1
11131 10810 1
521 350 2
1933 1838 2
1063 1001 1
163 75 3
163 78 6
14081 3062 1
5669 1504 1
739 523 1
1163 336 1
6971 3050 1
8369 4833 1
1249 859 1
19913 7178 1
277 184 2
79 11 10
1109 346 3
5 3 71
4229 246 1
1973 46 1
1667 1074 1
641 233 2
1597 51 1
39971 33894 1
4007 2940 1
67 56 8
919 679 2
2531 813 1
5927 5014 1
317 175 3
1321 918 1
8963 8389 1
5279 2513 1
37 3 15
2347 1268 1
2609 2244 1
15083 12644 1
37 24 15
1487 282 1
4111 2817 1
401 64 2
3943 1435 1
709 697 1
1301 94 1
2269 1805 1
3931 3781 1
8011 5407 1
449 1 4
241 90 2
8807 8448 1
3571 2461 1
1153 1001 2
643 195 2
5507 3972 1
21313 9048 1
5851 4950 1
617 118 2
9973 8564 1
8377 4313 1
1949 851 2
21163 6889 1
3623 2797 1
821 47 3
2 1 100
14923 5797 1
2339 1489 1
2237 627 1
11443 4077 1
5179 714 1
9281 6668 1
827 818 3
743 575 2
5441 2196 1
2287 302 1
32321 16565 1
6079 4477 1
251 4 4
157 32 9
3187 1758 1
6473 4210 1
653 624 1
29027 12354 1
18617 808 1
4093 2440 1
24697 9350 1
2207 592 1
20389 9775 1
1753 1104 1
383 199 3
379 208 2
26161 17690 1
271 10 3
9241 6407 1
35089 14669 1
20593 12526 1
733 13 1
2069 344 1
821 768 1
193 32 4
523 373 2
2543 722 1
9547 1810 1
701 210 3
15269 2629 1
3917 3556 1
61 13 10
431 175 3
5527 5229 1
563 337 2
2389 1909 1
3517 2719 1
1499 316 1
139 42 7
1129 556 1
61 40 14
1097 226 1
9929 8137 1
389 140 2
13907 8791 1
7 5 210
1489 96 1
11 2 51
4783 2536 1
2377 656 2
2267 714 1
419 351 2
28463 15979 1
359 84 1
353 349 2
1009 31 2
23 17 30
4723 4201 1
883 122 2
773 686 2
883 131 1
5009 3736 1
523 225 1
13933 1239 1
991 862 2
2647 2198 2
883 670 2
6269 6134 1
11839 9640 1
4729 2189 1
1321 1227 1
2027 560 1
8887 7032 1
20939 19679 1
149 108 5
2549 848 1
1709 713 2
761 383 1
3779 1228 1
887 307 1
239 113 3
2137 1544 2
19421 1195 1
26237 8257 1
353 64 3
0 0
