-996 1
-995 1
-929 1
-898 1
-880 1
-821 1
-766 1
-727 1
-723 1
-720 1
-700 1
-642 1
-597 1
-593 1
-569 1
-540 1
-522 1
-519 1
-478 1
-456 1
-449 1
-448 1
-384 1
-321 1
-318 1
-261 1
-247 1
-135 1
-122 1
-52 1
-39 1
3 1
46 1
61 1
63 1
96 1
103 1
152 1
185 1
206 1
255 1
270 1
337 1
346 1
354 1
362 1
378 1
424 1
432 1
433 1
460 1
461 1
475 1
516 1
558 1
572 1
587 1
638 1
670 1
684 1
718 1
764 1
794 1
808 1
824 1
874 1
904 1
928 1
953 1
964 1
985 1
-965 2
-947 2
-845 2
-827 2
-733 2
-645 2
-491 2
-319 2
-303 2
-281 2
-267 2
-95 2
-57 2
-7 2
97 2
249 2
515 2
535 2
557 2
603 2
639 2
735 2
759 2
921 2
-991 3
-880 3
-856 3
-751 3
-736 3
-731 3
-662 3
-547 3
-532 3
-514 3
-512 3
-490 3
-466 3
-194 3
-92 3
-71 3
-8 3
8 3
79 3
88 3
184 3
199 3
208 3
281 3
301 3
388 3
415 3
523 3
529 3
604 3
743 3
784 3
788 3
809 3
-927 4
-863 4
-751 4
-633 4
-597 4
-575 4
-343 4
-341 4
-267 4
-239 4
45 4
119 4
303 4
319 4
343 4
413 4
519 4
599 4
601 4
843 4
-948 5
-914 5
-831 5
-794 5
-766 5
-654 5
-652 5
-507 5
-187 5
-178 5
-176 5
-122 5
-99 5
-66 5
-24 5
8 5
109 5
127 5
144 5
187 5
261 5
279 5
448 5
589 5
673 5
714 5
894 5
-871 6
-197 6
-131 6
-97 6
-95 6
61 6
145 6
317 6
401 6
499 6
691 6
695 6
-874 7
-836 7
-643 7
-614 7
-603 7
-508 7
-331 7
-311 7
-187 7
-90 7
-52 7
-32 7
-2 7
110 7
148 7
204 7
206 7
226 7
341 7
372 7
590 7
964 7
-927 8
-721 8
-691 8
-349 8
-271 8
-215 8
-175 8
-135 8
303 8
495 8
-928 9
-754 9
-553 9
-470 9
-356 9
-296 9
-181 9
-158 9
-10 9
332 9
425 9
512 9
539 9
647 9
-929 10
-713 10
-597 10
-429 10
-107 10
57 10
99 10
103 10
113 10
183 10
217 10
239 10
279 10
281 10
287 10
563 10
827 10
-939 11
-925 11
-919 11
-904 11
-861 11
-831 11
-772 11
-694 11
-676 11
-624 11
-519 11
-438 11
-354 11
-241 11
-179 11
-112 11
-109 11
-92 11
-75 11
-53 11
38 11
43 11
260 11
313 11
321 11
496 11
563 11
601 11
728 11
882 11
933 11
-437 12
-413 12
-173 12
-155 12
347 12
-990 13
-857 13
-817 13
-655 13
-577 13
-502 13
-441 13
-369 13
-340 13
-309 13
-252 13
-185 13
-168 13
-166 13
-35 13
30 13
120 13
122 13
138 13
268 13
412 13
552 13
698 13
703 13
730 13
733 13
763 13
870 13
-869 14
-409 14
-355 14
-225 14
15 14
157 14
319 14
499 14
625 14
731 14
927 14
-776 15
-404 15
-217 15
-176 15
-151 15
-128 15
-116 15
292 15
353 15
392 15
418 15
439 15
901 15
907 15
929 15
-555 16
-503 16
-439 16
-365 16
-249 16
-187 16
-27 16
19 16
105 16
157 16
355 16
461 16
757 16
779 16
879 16
927 16
-989 17
-837 17
-693 17
-619 17
-559 17
-359 17
-313 17
-273 17
-50 17
-48 17
19 17
162 17
268 17
309 17
358 17
367 17
419 17
491 17
502 17
620 17
687 17
772 17
803 17
824 17
991 17
-959 18
-425 18
-85 18
-71 18
199 18
415 18
781 18
803 18
-880 19
-841 19
-465 19
-430 19
-393 19
-295 19
-216 19
-164 19
14 19
27 19
59 19
102 19
174 19
223 19
249 19
288 19
336 19
445 19
686 19
773 19
858 19
872 19
990 19
997 19
-623 20
-433 20
-207 20
-161 20
-19 20
33 20
321 20
407 20
579 20
651 20
-743 21
-62 21
-13 21
320 21
505 21
859 21
-987 22
-905 22
-711 22
-543 22
-157 22
-141 22
-137 22
431 22
477 22
479 22
581 22
-985 23
-914 23
-797 23
-751 23
-692 23
-670 23
-627 23
-533 23
-410 23
-363 23
-348 23
-312 23
-300 23
-47 23
-33 23
140 23
142 23
182 23
330 23
402 23
432 23
477 23
515 23
538 23
673 23
710 23
829 23
885 23
886 23
949 23
-497 24
-245 24
43 24
79 24
479 24
-708 25
-594 25
-456 25
-334 25
-157 25
-103 25
-27 25
11 25
101 25
174 25
433 25
482 25
578 25
602 25
777 25
-525 26
-229 26
-57 26
-17 26
643 26
721 26
805 26
-896 27
-871 27
-844 27
-760 27
-637 27
-578 27
-295 27
-238 27
-178 27
-83 27
37 27
196 27
206 27
296 27
448 27
923 27
965 27
135 28
575 28
629 28
-969 29
-821 29
-811 29
-780 29
-670 29
-615 29
-528 29
-343 29
-185 29
-170 29
-104 29
-10 29
3 29
62 29
89 29
194 29
257 29
585 29
743 29
772 29
785 29
859 29
948 29
983 29
-673 30
-353 30
-343 30
-79 30
257 30
-810 31
-748 31
-661 31
-547 31
-536 31
-474 31
-313 31
-9 31
253 31
370 31
474 31
668 31
945 31
-917 32
-887 32
-583 32
-323 32
201 32
337 32
341 32
721 32
821 32
859 32
-640 33
-304 33
298 33
824 33
994 33
-865 34
-571 34
-215 34
107 34
345 34
653 34
807 34
-893 35
-696 35
-692 35
-472 35
-344 35
-233 35
-213 35
-192 35
-19 35
388 35
631 35
993 35
341 36
485 36
-614 37
-598 37
-466 37
-425 37
-165 37
-103 37
-27 37
192 37
418 37
577 37
584 37
835 37
898 37
984 37
-805 38
-357 38
-67 38
283 38
547 38
889 38
987 38
-743 39
-568 39
-440 39
-209 39
-148 39
-134 39
166 39
443 39
508 39
509 39
737 39
760 39
859 39
-629 40
-393 40
109 40
441 40
701 40
-774 41
-698 41
-250 41
-52 41
-12 41
228 41
455 41
490 41
774 41
906 41
948 41
989 42
-406 43
-366 43
-277 43
-240 43
18 43
155 43
179 43
218 43
390 43
500 43
803 43
-923 44
-565 44
167 44
329 44
431 44
651 44
-151 45
73 45
131 45
292 45
626 45
728 45
901 45
904 45
934 45
-551 46
-289 46
381 46
971 46
-981 47
-829 47
-121 47
172 47
316 47
388 47
622 47
864 47
-829 48
-659 49
-632 49
-519 49
-489 49
-260 49
-193 49
-1 49
600 49
776 49
-989 50
-981 50
-737 50
-297 50
-259 50
501 50
571 50
0 0
1277 561 1
1013 755 2
1301 19 1
14759 13401 1
25147 8560 1
39359 9635 1
1609 1572 1
307 38 2
139 58 4
2741 572 1
3407 1397 1
3041 2137 1
1091 412 1
853 808 2
569 133 2
6959 1619 1
3121 2919 1
1283 877 1
89 56 11
8053 953 1
2903 1889 1
31319 21632 1
28517 795 1
11279 10961 1
9067 5551 1
3373 1371 1
461 87 4
1181 51 2
8171 4625 1
4153 2638 1
211 10 8
21929 14035 1
971 402 3
2647 1693 1
863 210 2
1279 1044 1
569 315 1
13003 11692 1
5659 3720 1
47 42 18
443 412 2
3581 928 1
2689 1392 1
2633 592 1
2099 334 1
587 47 1
2399 985 2
5897 5655 1
3251 2010 1
17959 4168 1
16481 1255 1
2339 206 1
5 1 101
59 48 13
5801 3132 1
9857 5303 1
83 6 11
3691 2811 1
2731 2496 1
3121 309 1
223 156 4
409 362 3
4219 1030 1
4159 1141 1
13 1 36
4817 2996 1
103 0 11
317 155 3
83 39 4
211 204 4
4289 2985 2
251 132 4
9857 1621 1
18251 17840 1
14939 7854 1
211 210 4
2381 932 1
13381 12533 1
10193 5933 1
4721 1390 1
29 25 19
2579 1138 1
2111 1418 1
1783 431 1
2089 1323 1
25447 21724 1
3343 2048 1
5801 2427 1
13709 8043 1
311 90 3
269 31 2
823 652 1
7109 1020 1
569 185 2
3019 1085 1
5501 1422 1
353 301 5
1201 430 1
1993 1667 1
2017 1119 1
12941 6931 1
2657 432 1
21787 5325 1
3463 2297 1
16249 13723 1
1087 119 1
33113 27031 1
2999 1669 1
373 298 3
8963 270 1
34511 32910 1
2791 353 1
2633 1510 2
7877 4270 1
1753 554 2
1297 1203 1
14627 8496 1
8963 794 1
317 22 3
7243 5219 1
2897 1733 1
839 313 2
1361 1101 1
8093 981 1
21143 17741 1
4337 869 1
6199 1464 1
1373 1092 1
83 46 9
347 254 4
673 604 3
3301 1725 1
173 39 8
1699 558 1
1259 284 1
103 37 9
2141 94 1
5039 2673 1
2579 645 1
281 270 5
9209 3789 1
2333 1973 1
12277 7509 1
263 175 4
7789 3742 1
23057 16005 1
8971 985 1
1583 1435 1
2309 744 1
12689 8373 1
4229 2288 1
1249 222 1
61 32 14
3 0 163
2339 1366 1
7 3 51
9923 9308 1
499 89 2
11 6 48
9973 2949 1
7517 2335 1
1327 1299 1
1451 71 1
727 122 2
12073 8310 1
4957 1511 1
1201 494 1
1181 146 2
257 167 4
6043 863 1
2083 840 1
4261 3351 1
21187 8344 1
1873 1188 1
293 125 4
8839 3500 1
2029 1707 1
2503 272 1
1871 953 1
6637 138 1
7753 460 1
857 91 2
3181 2481 1
937 849 2
3557 1077 1
19319 9961 1
563 211 1
1783 344 1
631 91 3
821 291 3
349 65 2
17189 9691 1
659 64 1
35419 7642 1
5197 684 1
6841 5256 1
787 247 3
8971 6050 1
8269 2603 1
15727 9615 1
331 6 2
7001 6281 1
27551 24703 1
941 141 1
1621 677 2
2423 1643 1
1993 187 1
941 150 2
3719 2046 1
577 134 1
1801 1169 1
3583 2920 1
4973 3286 1
919 463 1
677 362 2
4637 4121 1
8423 1113 1
47419 25202 1
5749 4062 1
21397 8881 1
4259 3087 1
3821 1646 1
2417 152 1
10079 2964 1
1867 433 1
7883 4862 1
14923 11403 1
1033 941 2
1747 1673 2
59 7 14
1621 859 1
9781 277 1
2011 1491 1
59 19 13
5147 1763 1
2557 1734 1
1667 1442 1
677 535 1
1033 72 2
983 921 1
1619 237 1
809 706 2
5 -1 83
13219 8913 1
4409 3529 1
8039 2324 1
8191 5668 1
71 43 14
5573 5187 1
479 389 4
743 707 3
1733 718 1
929 410 2
11383 718 1
2357 960 1
2153 540 1
103 1 10
2333 106 1
8287 3601 1
60649 31083 1
2393 409 1
1069 587 3
3593 2507 1
1637 1044 1
967 639 1
2741 994 1
37 17 16
739 371 1
41 14 20
2029 1432 1
1201 380 2
1931 1478 1
131 123 4
739 392 1
16567 4670 1
193 158 7
919 866 1
4481 2603 1
15551 14331 1
28909 20564 1
2341 2095 1
4967 2061 1
1567 185 2
6571 4502 1
743 425 3
1229 889 1
563 478 2
1733 1463 2
109 79 9
1789 358 1
617 141 2
4657 3643 1
6577 2472 1
199 78 5
5683 5008 1
499 229 1
607 433 2
11731 1551 1
1033 103 1
4019 1907 1
1301 811 1
251 9 9
4099 355 1
1657 354 2
463 435 2
4937 764 1
2383 1970 2
5563 4468 1
757 339 2
9473 7668 1
1093 424 2
107 20 7
9241 378 1
5779 2587 1
2377 2268 1
839 475 1
173 70 5
677 638 2
2389 458 1
4241 824 1
3373 2547 1
5261 1939 1
17041 14795 1
1783 457 1
431 174 5
337 202 4
37691 2781 1
1303 764 1
421 61 3
2153 1143 1
3631 2651 1
18047 5048 1
139 41 9
5849 3292 1
2027 1240 1
2381 143 1
2477 874 1
10211 8576 1
11 10 47
881 347 1
1217 822 1
39419 31369 1
3617 3479 1
1861 1540 1
4447 1182 1
467 284 3
8009 6137 1
1061 333 1
1889 1507 1
9829 9376 1
2281 475 2
997 63 1
3671 1353 1
839 717 1
10007 5498 1
19009 15053 1
4943 1801 1
11927 7542 1
10303 8468 1
5119 1376 1
1123 505 1
487 296 2
29927 23452 1
431 2 3
3581 1914 1
2029 294 1
16061 904 1
12347 11624 1
47129 19919 1
2609 2546 1
11587 4305 1
1361 1169 1
9161 5682 1
1103 208 1
509 168 3
3529 2561 1
433 309 2
4093 214 1
3989 3728 1
499 460 3
10477 6585 1
173 119 6
12527 1099 1
4051 2480 1
8297 2934 1
131 63 6
1693 409 1
131 75 9
769 543 2
617 426 1
4987 152 1
1949 1677 2
21163 19780 1
1187 1154 1
2377 1993 1
1697 954 1
1009 942 1
11131 10810 1
521 350 2
14723 4905 1
1933 1838 2
1063 1001 1
163 75 5
163 78 6
14081 3062 1
5669 1504 1
739 523 1
1163 336 1
6971 3050 1
4463 1621 1
6673 354 1
9839 3641 1
10243 3996 1
1249 859 1
19913 7178 1
277 184 3
10343 7451 1
79 11 11
1109 346 2
5 3 90
1669 306 1
4229 246 1
1973 46 1
1667 1074 1
641 233 2
4007 2940 1
67 56 11
919 679 1
3163 507 1
23081 7039 1
2531 813 1
317 175 4
1321 918 1
8963 8389 1
37 3 17
2657 231 1
7103 2022 1
2347 1268 1
9173 5752 1
29629 7008 1
37 24 19
1487 282 1
3613 1987 1
4111 2817 1
401 64 3
3943 1435 1
709 697 1
1301 94 3
2269 1805 2
8011 5407 1
449 1 4
241 90 4
3571 2461 1
1153 1001 1
643 195 1
5507 3972 1
21313 9048 1
1669 658 1
617 118 3
9973 8564 1
4639 3912 1
8377 4313 1
1949 851 2
21163 6889 1
3623 2797 1
821 47 2
3371 2065 1
2 1 107
2339 1489 1
2237 627 1
19421 6992 1
11443 4077 1
5179 714 1
2741 2109 1
827 818 3
1559 1276 1
251 4 5
157 32 8
28081 21898 1
3187 1758 1
6473 4210 1
653 624 1
29027 12354 1
18617 808 1
24697 9350 1
2207 592 1
36643 6275 1
1753 1104 1
383 199 1
11801 816 1
379 208 2
18539 5959 1
271 10 4
9241 6407 1
12433 1052 1
14983 3070 1
3769 1471 1
733 13 2
9341 7141 1
853 196 2
2069 344 1
821 768 1
193 32 2
523 373 2
2543 722 1
701 210 2
2083 1502 2
15269 2629 1
61 13 13
431 175 3
5527 5229 1
563 337 2
3517 2719 1
1499 316 1
5011 4703 1
139 42 3
1129 556 1
61 40 16
16001 4114 1
17509 9033 1
1097 226 1
389 140 6
1051 60 1
7 5 214
1489 96 1
11 2 48
16831 8256 1
2267 714 1
3079 2311 1
12601 1241 1
419 351 1
2683 1956 1
28463 15979 1
359 84 3
353 349 2
1009 31 1
23 17 29
1249 790 1
4723 4201 1
883 122 1
773 686 3
883 131 1
5009 3736 1
523 225 3
991 862 2
2647 2198 1
883 670 2
2411 1436 1
6269 6134 1
11839 9640 1
523 249 1
853 87 1
4729 2189 1
1321 1227 1
2027 560 1
8887 7032 1
20939 19679 1
149 108 5
2549 848 1
1709 713 1
761 383 2
239 113 5
2137 1544 1
26237 8257 1
353 64 4
0 0
