-968 1
-929 1
-898 1
-880 1
-874 1
-850 1
-826 1
-776 1
-723 1
-720 1
-642 1
-540 1
-522 1
-480 1
-453 1
-443 1
-384 1
-347 1
-321 1
-282 1
-261 1
-240 1
-235 1
-213 1
-171 1
-135 1
-122 1
-90 1
-88 1
-62 1
-39 1
10 1
24 1
38 1
46 1
63 1
71 1
74 1
75 1
89 1
90 1
103 1
122 1
143 1
152 1
206 1
222 1
229 1
243 1
255 1
266 1
270 1
284 1
336 1
337 1
346 1
351 1
353 1
354 1
362 1
412 1
418 1
433 1
460 1
461 1
475 1
516 1
572 1
670 1
718 1
824 1
825 1
868 1
874 1
904 1
953 1
-947 2
-871 2
-869 2
-845 2
-491 2
-333 2
-319 2
-219 2
-105 2
-81 2
-57 2
-7 2
97 2
247 2
369 2
457 2
471 2
535 2
557 2
603 2
759 2
809 2
-991 3
-880 3
-769 3
-731 3
-547 3
-532 3
-514 3
-490 3
-475 3
-356 3
-244 3
-194 3
-95 3
-62 3
-8 3
79 3
88 3
184 3
199 3
208 3
281 3
362 3
388 3
523 3
622 3
688 3
898 3
-927 4
-693 4
-691 4
-633 4
-239 4
45 4
237 4
271 4
303 4
321 4
601 4
-948 5
-831 5
-804 5
-794 5
-709 5
-654 5
-652 5
-613 5
-507 5
-456 5
-289 5
-177 5
-176 5
-136 5
-24 5
9 5
93 5
127 5
139 5
144 5
229 5
249 5
261 5
279 5
309 5
344 5
404 5
448 5
497 5
529 5
547 5
589 5
648 5
661 5
673 5
753 5
851 5
894 5
949 5
-823 6
-691 6
-359 6
-305 6
-197 6
-151 6
145 6
401 6
619 6
691 6
695 6
-951 7
-874 7
-870 7
-846 7
-836 7
-640 7
-614 7
-603 7
-599 7
-311 7
-187 7
-134 7
-90 7
-2 7
59 7
88 7
96 7
110 7
165 7
226 7
341 7
372 7
457 7
487 7
590 7
737 7
944 7
-785 8
-669 8
-559 8
-457 8
-271 8
-175 8
-135 8
33 8
99 8
133 8
493 8
495 8
561 8
-928 9
-853 9
-754 9
-553 9
-470 9
-356 9
-10 9
133 9
332 9
376 9
512 9
539 9
647 9
839 9
-887 10
-597 10
-429 10
-409 10
57 10
103 10
127 10
163 10
287 10
357 10
-919 11
-904 11
-861 11
-805 11
-772 11
-648 11
-642 11
-438 11
-432 11
-197 11
-179 11
-92 11
-75 11
64 11
69 11
256 11
313 11
321 11
496 11
563 11
882 11
-227 12
-193 12
-173 12
583 12
-990 13
-817 13
-808 13
-577 13
-441 13
-369 13
-252 13
-120 13
-35 13
30 13
58 13
120 13
122 13
198 13
591 13
698 13
730 13
733 13
763 13
779 13
828 13
870 13
929 13
-955 14
-869 14
-683 14
-435 14
-409 14
-225 14
-181 14
15 14
177 14
499 14
625 14
711 14
731 14
-404 15
-317 15
-268 15
-151 15
-128 15
304 15
418 15
692 15
901 15
-907 16
-637 16
-503 16
-365 16
-187 16
-27 16
105 16
119 16
355 16
461 16
757 16
779 16
879 16
-693 17
-572 17
-363 17
-359 17
-338 17
-50 17
-48 17
19 17
120 17
268 17
419 17
465 17
491 17
618 17
620 17
687 17
959 17
-967 18
-959 18
-827 18
-673 18
-91 18
-71 18
25 18
415 18
781 18
-880 19
-841 19
-465 19
-424 19
-295 19
-232 19
-216 19
8 19
14 19
27 19
36 19
59 19
84 19
102 19
223 19
249 19
303 19
320 19
445 19
504 19
686 19
773 19
858 19
872 19
-261 20
-207 20
-19 20
7 20
321 20
407 20
431 20
527 20
579 20
651 20
-743 21
-293 21
-62 21
-13 21
505 21
-987 22
-711 22
-469 22
-141 22
477 22
-985 23
-867 23
-670 23
-627 23
-534 23
-363 23
-348 23
-312 23
-300 23
-204 23
-33 23
73 23
220 23
231 23
330 23
432 23
515 23
538 23
550 23
569 23
673 23
710 23
885 23
886 23
982 23
43 24
347 24
479 24
775 24
815 24
-651 25
-334 25
-239 25
-142 25
-103 25
-27 25
11 25
101 25
111 25
128 25
174 25
181 25
261 25
433 25
578 25
606 25
798 25
912 25
-851 26
123 26
599 26
721 26
805 26
-887 27
-878 27
-871 27
-844 27
-760 27
-313 27
-178 27
37 27
373 27
448 27
527 27
911 27
135 28
373 28
575 28
605 28
629 28
-969 29
-821 29
-811 29
-690 29
-678 29
-670 29
-615 29
-343 29
-313 29
-185 29
-121 29
-104 29
194 29
585 29
765 29
772 29
983 29
988 29
-671 30
-748 31
-547 31
-474 31
-313 31
-268 31
-230 31
-9 31
253 31
370 31
474 31
945 31
-887 32
-869 32
-583 32
-323 32
-309 32
-159 32
281 32
341 32
383 32
721 32
769 32
821 32
859 32
-647 33
-449 33
298 33
-669 34
-571 34
-499 34
-215 34
137 34
345 34
403 34
653 34
911 34
-893 35
-876 35
-667 35
-492 35
-43 35
-19 35
211 35
323 35
342 35
631 35
796 35
872 35
649 36
-614 37
-598 37
-466 37
-425 37
-288 37
-235 37
-27 37
115 37
192 37
577 37
605 37
984 37
-913 38
-825 38
-375 38
-357 38
-67 38
51 38
169 38
283 38
789 38
-385 39
-350 39
-209 39
-148 39
-134 39
184 39
392 39
443 39
737 39
859 39
-943 40
-753 40
-673 40
-597 40
109 40
701 40
-774 41
-698 41
-568 41
-427 41
-250 41
-52 41
-49 41
275 41
455 41
458 41
490 41
641 41
906 41
-415 42
989 42
-835 43
-786 43
-778 43
-685 43
-557 43
-372 43
-277 43
-240 43
-232 43
155 43
168 43
179 43
218 43
255 43
412 43
500 43
167 44
325 44
329 44
357 44
431 44
-317 45
-178 45
-151 45
131 45
673 45
676 45
901 45
941 45
381 46
455 46
933 46
971 46
-981 47
-829 47
-167 47
-121 47
-115 47
172 47
196 47
316 47
622 47
741 47
864 47
-343 48
-89 48
163 48
-659 49
-633 49
-632 49
-519 49
-489 49
-358 49
-260 49
-94 49
600 49
-989 50
-849 50
-297 50
-259 50
571 50
0 0
1277 561 1
1013 755 1
1301 19 1
14759 13401 1
307 38 2
139 58 6
2741 572 1
1759 1457 1
1439 1354 1
1091 412 1
853 808 1
569 133 2
1283 877 1
6661 5856 1
89 56 8
1607 1492 2
8053 953 1
461 87 3
1181 51 1
8171 4625 1
211 10 6
21929 14035 1
971 402 1
2647 1693 1
1471 74 2
14627 7542 1
863 210 1
1279 1044 1
569 315 1
6197 1150 1
47 42 21
5087 1477 1
443 412 2
3581 928 1
2633 592 1
587 47 2
2399 985 1
3251 2010 1
2339 206 1
5 1 86
59 48 13
9857 5303 1
83 6 10
3691 2811 1
2731 2496 1
223 156 5
409 362 3
4219 1030 1
13 1 38
9521 1527 1
4507 2613 1
4817 2996 1
103 0 7
317 155 4
83 39 7
211 204 3
4289 2985 1
251 132 3
18251 17840 1
211 210 7
13381 12533 1
5297 3642 1
2803 1525 1
29 25 19
30469 9052 1
2111 1418 1
1783 431 1
2089 1323 1
25447 21724 1
3343 2048 1
5801 2427 1
13709 8043 1
311 90 4
13829 8235 1
269 31 5
823 652 2
1627 466 1
569 185 1
3019 1085 1
3121 143 1
5501 1422 1
1847 871 1
8629 2718 1
353 301 3
1201 430 1
1993 1667 1
2017 1119 1
21787 5325 1
3463 2297 1
1087 119 2
2999 1669 1
373 298 1
8963 270 1
34511 32910 1
2791 353 2
2633 1510 1
3259 594 1
2383 1427 1
1753 554 1
1297 1203 1
317 22 5
7243 5219 1
2897 1733 1
1901 186 1
1531 1331 1
839 313 1
1361 1101 1
8093 981 1
21143 17741 1
4337 869 1
83 46 7
347 254 4
673 604 2
173 39 5
1699 558 1
5749 1985 1
41399 15386 1
1613 71 1
1259 284 1
103 37 8
2141 94 2
2579 645 1
281 270 3
2857 186 1
3253 2863 1
9209 3789 1
2333 1973 1
3593 2034 1
263 175 3
8971 985 1
1583 1435 2
2309 744 1
12689 8373 1
4229 2288 1
1249 222 1
61 32 14
3 0 165
7 3 53
9923 9308 1
499 89 3
941 119 1
11 6 44
1427 74 1
9973 2949 1
1327 1299 1
14543 2119 1
3343 353 1
1451 71 1
727 122 2
1201 494 1
1181 146 2
257 167 4
6043 863 1
4261 3351 1
1667 1018 1
21187 8344 1
1873 1188 1
293 125 4
2029 1707 1
2503 272 1
1871 953 1
7753 460 1
857 91 2
937 849 3
19319 9961 1
7879 5528 1
563 211 1
1783 344 1
631 91 1
821 291 3
349 65 2
17189 9691 1
4003 229 1
9029 1045 1
659 64 1
35419 7642 1
6841 5256 1
787 247 3
12211 3814 1
8971 6050 1
8269 2603 1
15727 9615 1
331 6 3
7001 6281 1
941 141 1
1621 677 1
2423 1643 1
1993 187 1
941 150 1
577 134 4
1801 1169 1
3583 2920 1
4973 3286 1
677 362 2
8423 1113 1
47419 25202 1
1733 914 2
2251 1708 1
5749 4062 1
3821 1646 1
2417 152 1
10079 2964 1
5119 882 1
1867 433 1
7883 4862 1
1033 941 1
48679 42874 1
1747 1673 2
59 7 11
1621 859 1
2011 1491 1
59 19 15
5147 1763 1
2557 1734 1
1033 72 2
983 921 1
1619 237 1
10501 6400 1
809 706 2
5 -1 85
977 695 1
4409 3529 1
13259 11157 1
8191 5668 1
71 43 9
479 389 4
743 707 2
1733 718 1
929 410 1
11383 718 1
2357 960 1
1777 1039 2
2153 540 1
103 1 7
2333 106 1
6553 5496 1
2393 409 1
1069 587 2
13807 12210 1
1637 1044 1
2741 994 2
37 17 17
739 371 1
41 14 13
1201 380 1
1931 1478 1
131 123 3
739 392 2
193 158 6
919 866 2
4481 2603 1
10853 2961 1
2341 2095 1
1721 945 1
2153 740 1
4967 2061 1
5669 4725 1
5879 266 1
1567 185 1
3109 1582 2
743 425 2
1229 889 2
563 478 2
1733 1463 1
109 79 8
1789 358 1
617 141 1
4657 3643 1
6577 2472 1
199 78 5
5683 5008 1
499 229 2
607 433 2
11731 1551 1
5011 4469 1
1033 103 1
4019 1907 1
251 9 6
4099 355 1
25633 19842 1
1657 354 2
463 435 2
4937 764 1
5563 4468 1
9473 7668 1
4937 4494 1
1093 424 1
107 20 5
5779 2587 1
2377 2268 1
839 475 2
173 70 6
677 638 1
4241 824 1
3373 2547 1
5261 1939 1
1783 457 2
431 174 3
337 202 3
1303 764 1
5737 266 1
20747 19897 1
421 61 2
3631 2651 1
18047 5048 1
139 41 6
2381 143 1
13763 2234 1
2477 874 1
10211 8576 1
5527 1552 1
11 10 44
881 347 1
23873 16356 1
5279 421 1
39419 31369 1
1861 1540 1
4447 1182 1
467 284 3
1061 333 2
23447 8485 1
9829 9376 1
2281 475 1
997 63 2
3671 1353 1
839 717 2
10007 5498 1
19009 15053 1
4943 1801 1
10303 8468 1
5119 1376 1
1123 505 1
487 296 1
29927 23452 1
431 2 2
3919 1225 1
3581 1914 1
2029 294 1
1361 1148 1
16061 904 1
12347 11624 1
11587 4305 1
1361 1169 1
7001 584 1
1103 208 1
509 168 3
3529 2561 1
433 309 3
19477 2905 1
3989 3728 1
499 460 3
10477 6585 1
173 119 6
12527 1099 1
2749 38 1
2473 2164 1
9277 3213 1
8297 2934 1
131 63 5
2963 2512 1
131 75 9
769 543 1
617 426 1
4987 152 1
6781 2677 1
1321 24 1
1949 1677 1
21163 19780 1
1187 1154 2
2377 1993 1
1697 954 1
11863 5219 1
11131 10810 1
521 350 1
14723 4905 1
1933 1838 1
1063 1001 2
163 75 5
163 78 5
14081 3062 1
739 523 1
1163 336 1
6971 3050 1
4463 1621 1
6673 354 1
8369 4833 1
10243 3996 1
1249 859 1
5981 1277 1
277 184 3
10343 7451 1
79 11 11
1109 346 1
5 3 80
4229 246 1
1973 46 1
641 233 3
1597 51 1
4007 2940 1
34949 8564 1
67 56 10
38219 33759 1
10037 1171 1
919 679 2
3163 507 1
23081 7039 1
2531 813 1
317 175 3
1321 918 1
37 3 15
12517 9239 1
2609 2244 1
29629 7008 1
4219 193 1
37 24 17
1487 282 1
3613 1987 1
4111 2817 1
401 64 2
3943 1435 1
709 697 1
1301 94 3
2269 1805 1
3931 3781 1
8011 5407 1
449 1 2
241 90 5
8807 8448 1
5507 3972 1
21313 9048 1
1669 658 1
797 583 1
617 118 1
9973 8564 1
1949 851 1
3623 2797 1
821 47 2
3371 2065 1
2 1 109
2339 1489 1
2237 627 1
19421 6992 1
5179 714 1
9281 6668 1
827 818 3
5441 2196 1
32321 16565 1
6079 4477 1
4463 2179 1
1559 1276 1
251 4 2
157 32 7
28081 21898 1
653 624 1
29027 12354 1
18617 808 1
9473 3939 1
24697 9350 1
2207 592 1
1753 1104 1
383 199 1
379 208 2
271 10 4
9241 6407 1
35089 14669 1
20593 12526 1
12433 1052 1
14983 3070 1
733 13 1
9341 7141 1
853 196 2
2069 344 1
821 768 1
193 32 4
523 373 1
2543 722 1
701 210 1
2083 1502 1
15269 2629 1
61 13 13
431 175 4
5347 4252 1
563 337 2
2389 1909 2
1499 316 1
5011 4703 1
139 42 3
1129 556 1
61 40 14
16001 4114 1
17509 9033 1
1097 226 1
9929 8137 1
389 140 3
13907 8791 1
1051 60 2
7 5 203
1489 96 1
11 2 47
4783 2536 1
16831 8256 1
2377 656 1
3079 2311 1
419 351 1
2683 1956 1
28463 15979 1
359 84 2
353 349 1
1009 31 2
23 17 29
1249 790 1
4723 4201 1
883 122 1
773 686 2
10601 2818 1
883 131 1
1993 825 1
5009 3736 1
523 225 3
991 862 2
2393 305 1
2647 2198 1
883 670 3
2411 1436 1
6269 6134 1
11839 9640 1
1367 881 1
523 249 1
853 87 1
4729 2189 1
1321 1227 1
2027 560 1
8887 7032 1
20939 19679 1
149 108 5
2549 848 1
761 383 3
3779 1228 1
887 307 1
239 113 2
353 64 4
0 0
