-996 1
-995 1
-980 1
-968 1
-961 1
-929 1
-880 1
-797 1
-766 1
-727 1
-723 1
-642 1
-597 1
-593 1
-522 1
-519 1
-478 1
-456 1
-453 1
-449 1
-443 1
-429 1
-360 1
-347 1
-321 1
-318 1
-282 1
-261 1
-247 1
-213 1
-171 1
-135 1
-122 1
-90 1
-88 1
-67 1
-52 1
10 1
24 1
46 1
75 1
90 1
96 1
103 1
143 1
152 1
206 1
210 1
229 1
243 1
266 1
284 1
337 1
346 1
353 1
362 1
378 1
412 1
433 1
516 1
558 1
572 1
587 1
592 1
670 1
718 1
764 1
808 1
859 1
874 1
953 1
964 1
-947 2
-871 2
-869 2
-839 2
-733 2
-645 2
-491 2
-303 2
-267 2
-219 2
-81 2
-57 2
223 2
247 2
369 2
457 2
471 2
515 2
639 2
735 2
-991 3
-916 3
-856 3
-796 3
-769 3
-736 3
-731 3
-662 3
-608 3
-514 3
-512 3
-509 3
-475 3
-466 3
-356 3
-244 3
-232 3
-95 3
-71 3
-62 3
-8 3
8 3
35 3
79 3
88 3
184 3
199 3
301 3
388 3
415 3
529 3
533 3
622 3
784 3
809 3
898 3
902 3
-927 4
-863 4
-751 4
-693 4
-633 4
-597 4
-359 4
-343 4
-341 4
-239 4
-235 4
-103 4
-41 4
45 4
79 4
119 4
321 4
545 4
937 4
-914 5
-849 5
-831 5
-804 5
-652 5
-613 5
-497 5
-468 5
-456 5
-187 5
-177 5
-136 5
-102 5
8 5
93 5
109 5
174 5
279 5
304 5
309 5
402 5
404 5
448 5
497 5
529 5
547 5
648 5
661 5
673 5
714 5
803 5
851 5
949 5
-871 6
-359 6
-265 6
305 6
401 6
449 6
691 6
-846 7
-640 7
-614 7
-603 7
-456 7
-331 7
-187 7
-134 7
-2 7
88 7
96 7
110 7
204 7
206 7
226 7
310 7
341 7
457 7
572 7
717 7
722 7
737 7
944 7
-933 8
-927 8
-721 8
-691 8
-669 8
-559 8
-349 8
-215 8
-175 8
-135 8
33 8
99 8
133 8
303 8
495 8
577 8
-928 9
-853 9
-836 9
-754 9
-553 9
-356 9
-296 9
-254 9
-181 9
-158 9
101 9
133 9
164 9
376 9
425 9
451 9
512 9
539 9
839 9
970 9
-571 10
-429 10
-409 10
-391 10
-351 10
57 10
103 10
127 10
163 10
183 10
279 10
793 10
-919 11
-904 11
-831 11
-805 11
-772 11
-694 11
-648 11
-519 11
-494 11
-438 11
-432 11
-304 11
-179 11
-112 11
-75 11
-54 11
-53 11
38 11
64 11
69 11
256 11
313 11
509 11
563 11
601 11
816 11
882 11
-413 12
-227 12
-193 12
-155 12
305 12
935 12
-857 13
-808 13
-502 13
-441 13
-369 13
30 13
120 13
122 13
138 13
334 13
733 13
779 13
870 13
929 13
941 13
953 13
-869 14
-683 14
-435 14
-181 14
15 14
71 14
177 14
395 14
711 14
731 14
927 14
-383 15
-217 15
74 15
292 15
353 15
392 15
407 15
418 15
437 15
439 15
692 15
901 15
907 15
-971 16
-907 16
-637 16
-365 16
-249 16
-27 16
19 16
105 16
119 16
157 16
255 16
757 16
779 16
879 16
927 16
941 16
-989 17
-837 17
-707 17
-541 17
-338 17
-273 17
-48 17
65 17
268 17
358 17
419 17
465 17
502 17
618 17
687 17
772 17
959 17
991 17
-967 18
-959 18
-827 18
-71 18
79 18
803 18
-880 19
-701 19
-465 19
-424 19
-393 19
-295 19
-232 19
-164 19
8 19
36 19
59 19
102 19
223 19
249 19
303 19
336 19
434 19
504 19
552 19
686 19
872 19
997 19
-623 20
-433 20
-261 20
-207 20
-161 20
-33 20
33 20
431 20
527 20
579 20
651 20
743 20
-743 21
-460 21
-293 21
-62 21
-13 21
320 21
356 21
920 21
-905 22
-711 22
-141 22
425 22
479 22
581 22
639 22
-985 23
-867 23
-726 23
-692 23
-534 23
-533 23
-363 23
-348 23
-204 23
-33 23
182 23
220 23
231 23
477 23
515 23
538 23
546 23
550 23
569 23
673 23
710 23
829 23
886 23
982 23
995 23
43 24
65 24
479 24
815 24
-708 25
-651 25
-594 25
-334 25
-4 25
11 25
56 25
97 25
101 25
111 25
272 25
433 25
482 25
571 25
578 25
586 25
606 25
798 25
957 25
-851 26
-235 26
-229 26
123 26
557 26
643 26
805 26
991 26
-896 27
-887 27
-878 27
-871 27
-760 27
-578 27
-179 27
206 27
470 27
965 27
-673 28
-19 28
373 28
629 28
-969 29
-824 29
-670 29
-528 29
-527 29
-313 29
-185 29
-170 29
-104 29
8 29
26 29
62 29
123 29
259 29
585 29
765 29
772 29
785 29
859 29
867 29
983 29
-673 30
-343 30
-79 30
349 30
-661 31
-547 31
-536 31
-474 31
-268 31
-230 31
-9 31
214 31
253 31
370 31
824 31
-917 32
-309 32
201 32
337 32
341 32
721 32
821 32
859 32
-640 33
-632 33
-610 33
-449 33
-304 33
298 33
530 33
-865 34
-669 34
-499 34
-215 34
403 34
653 34
807 34
-696 35
-692 35
-667 35
-517 35
-492 35
-192 35
-43 35
-19 35
211 35
323 35
342 35
388 35
796 35
271 36
485 36
-598 37
-466 37
-165 37
-104 37
-103 37
115 37
192 37
255 37
584 37
603 37
898 37
984 37
-913 38
-825 38
-805 38
-67 38
99 38
-568 39
-263 39
737 39
760 39
859 39
-943 40
-753 40
-597 40
-393 40
441 40
701 40
-568 41
-427 41
-337 41
-250 41
-185 41
-52 41
-49 41
275 41
332 41
456 41
458 41
641 41
906 41
989 42
-786 43
-778 43
-685 43
-366 43
-277 43
-240 43
-232 43
-67 43
145 43
168 43
179 43
218 43
390 43
412 43
803 43
-775 44
-565 44
-281 44
167 44
325 44
329 44
431 44
-317 45
-178 45
548 45
676 45
728 45
901 45
941 45
-551 46
-289 46
255 46
265 46
337 46
381 46
971 46
-981 47
-928 47
-696 47
-121 47
172 47
316 47
741 47
864 47
-343 48
-89 48
-659 49
-358 49
-260 49
-94 49
162 49
529 49
989 49
-989 50
-297 50
571 50
0 0
1277 561 1
1013 755 1
11953 3215 1
1301 19 1
14759 13401 1
25147 8560 1
307 38 1
3433 1084 1
139 58 5
2741 572 1
1439 1354 1
3407 1397 1
1091 412 1
853 808 1
569 133 2
1283 877 2
89 56 7
1607 1492 1
8053 953 1
8467 6562 1
28517 795 1
11279 10961 1
9067 5551 1
3373 1371 1
461 87 1
1181 51 2
8171 4625 1
4153 2638 1
211 10 3
21929 14035 1
971 402 2
1471 74 1
14627 7542 1
863 210 2
1279 1044 1
569 315 2
6197 1150 1
5659 3720 1
47 42 18
443 412 3
12143 1457 1
2633 592 1
587 47 1
2399 985 1
3251 2010 1
17959 4168 1
2339 206 1
5 1 91
59 48 13
9857 5303 1
83 6 9
3691 2811 1
2731 2496 1
3121 309 1
223 156 3
409 362 4
4219 1030 1
4159 1141 1
13 1 45
9521 1527 1
4507 2613 1
18149 11834 1
4817 2996 1
103 0 11
317 155 3
83 39 5
211 204 6
4289 2985 2
251 132 5
18251 17840 1
14939 7854 1
211 210 7
2381 932 1
10193 5933 1
1789 1553 1
5297 3642 1
2803 1525 1
29 25 15
2579 1138 1
2089 1323 1
25447 21724 1
5801 2427 1
311 90 3
269 31 3
823 652 2
7109 1020 1
3019 1085 1
3121 143 1
1847 871 1
8629 2718 1
353 301 5
1201 430 1
1993 1667 1
2017 1119 1
12941 6931 1
2657 432 1
3463 2297 1
1087 119 2
2999 1669 1
373 298 3
34511 32910 1
2791 353 2
2633 1510 2
3259 594 1
2383 1427 1
1753 554 1
1297 1203 1
317 22 4
7243 5219 1
28309 22271 1
1531 1331 1
839 313 1
1361 1101 1
21143 17741 1
4337 869 1
6199 1464 1
6803 6371 1
83 46 8
347 254 3
673 604 1
3301 1725 1
173 39 6
1699 558 2
2729 1798 1
41399 15386 1
1259 284 1
7639 6146 1
103 37 9
2141 94 2
5039 2673 1
281 270 6
2857 186 1
3253 2863 1
2333 1973 1
3593 2034 1
12277 7509 1
263 175 4
7789 3742 1
1583 1435 1
12689 8373 1
4229 2288 1
1249 222 1
2027 1230 1
61 32 13
3 0 155
2339 1366 1
7 3 55
9923 9308 1
499 89 2
941 119 1
11 6 46
9973 2949 1
6907 5927 1
1523 320 1
7517 2335 1
1327 1299 1
14543 2119 1
3343 353 1
1451 71 1
727 122 3
12073 8310 1
1181 146 2
4229 2488 1
257 167 5
2971 1778 1
6043 863 1
2083 840 1
4261 3351 1
1667 1018 1
1931 830 1
293 125 2
2029 1707 1
2503 272 1
1871 953 1
6637 138 1
857 91 2
937 849 3
7879 5528 1
563 211 2
631 91 1
821 291 2
349 65 3
4003 229 1
9029 1045 1
35419 7642 1
6841 5256 1
787 247 2
12211 3814 1
331 6 1
7001 6281 1
1621 677 2
2423 1643 1
11437 3735 1
1993 187 1
941 150 1
3719 2046 1
577 134 4
1801 1169 1
919 463 1
677 362 2
4637 4121 1
47419 25202 1
1733 914 1
2251 1708 1
21397 8881 1
2417 152 1
1867 433 1
7883 4862 1
1033 941 1
1747 1673 1
59 7 13
1621 859 1
9781 277 1
2011 1491 1
59 19 13
2557 1734 1
1033 72 1
983 921 1
9067 1489 1
10501 6400 1
809 706 1
5 -1 87
13219 8913 1
977 695 1
4409 3529 1
13259 11157 1
8191 5668 1
71 43 11
5573 5187 1
479 389 3
743 707 3
1733 718 1
929 410 2
11383 718 1
1777 1039 1
2153 540 2
103 1 7
2333 106 1
6553 5496 1
2393 409 1
1069 587 2
3593 2507 1
13807 12210 1
1637 1044 1
37 17 16
12893 4128 1
739 371 1
41 14 12
2029 1432 1
1201 380 1
1931 1478 1
131 123 6
739 392 1
16567 4670 1
193 158 6
919 866 1
10853 2961 1
2341 2095 1
1721 945 1
2153 740 1
4967 2061 1
5669 4725 1
5879 266 1
1567 185 1
6571 4502 1
3109 1582 1
743 425 1
4297 2677 1
1229 889 2
563 478 2
1733 1463 1
109 79 8
1789 358 1
617 141 1
199 78 6
499 229 2
607 433 2
5011 4469 1
1033 103 1
4019 1907 1
251 9 8
4099 355 1
25633 19842 1
1657 354 1
463 435 3
4937 764 1
5563 4468 1
757 339 1
9473 7668 1
4937 4494 1
107 20 6
9241 378 1
5779 2587 1
839 475 1
173 70 9
677 638 1
17041 14795 1
1783 457 2
431 174 3
337 202 4
1303 764 1
5737 266 1
421 61 2
2153 1143 1
3631 2651 1
8609 5858 1
139 41 5
5849 3292 1
2027 1240 1
2381 143 1
13763 2234 1
2477 874 1
10211 8576 1
5527 1552 1
11 10 39
18451 2218 1
881 347 1
23873 16356 1
1217 822 1
5279 421 1
7417 3510 1
39419 31369 1
3617 3479 1
1861 1540 1
4447 1182 1
467 284 3
1061 333 1
9829 9376 1
2281 475 1
997 63 2
3671 1353 1
839 717 2
10007 5498 1
19009 15053 1
4943 1801 1
5119 1376 1
1123 505 2
3607 2497 1
3719 385 1
487 296 2
29927 23452 1
431 2 4
3919 1225 1
3581 1914 1
2029 294 1
1361 1148 1
12347 11624 1
2609 2546 1
11587 4305 1
1361 1169 1
9161 5682 1
14621 8853 1
1103 208 1
509 168 2
3529 2561 1
433 309 2
4093 214 1
3989 3728 1
1433 1073 1
499 460 2
4133 1053 1
10477 6585 1
173 119 3
12527 1099 1
2473 2164 1
4051 2480 1
131 63 6
1693 409 1
131 75 7
769 543 2
617 426 1
4987 152 1
6781 2677 1
1321 24 1
1553 1301 1
21163 19780 1
17827 9842 1
1187 1154 2
1697 954 1
1009 942 2
11863 5219 1
11131 10810 1
521 350 2
14723 4905 1
1933 1838 1
1063 1001 2
163 75 7
163 78 6
739 523 1
1163 336 1
6971 3050 1
4463 1621 1
8369 4833 1
10243 3996 1
1249 859 1
19913 7178 1
5981 1277 1
277 184 2
10343 7451 1
79 11 7
1109 346 3
5 3 90
1973 46 1
1667 1074 1
641 233 3
39971 33894 1
4007 2940 1
34949 8564 1
67 56 8
38219 33759 1
10037 1171 1
919 679 2
3163 507 1
24391 8567 1
2531 813 1
5927 5014 1
317 175 2
1321 918 1
8963 8389 1
37 3 14
12517 9239 1
2609 2244 1
15083 12644 1
4219 193 1
37 24 15
1487 282 1
3613 1987 1
4111 2817 1
401 64 3
3943 1435 1
709 697 2
1301 94 2
2269 1805 1
8011 5407 1
449 1 2
241 90 3
8807 8448 1
3571 2461 1
1153 1001 1
643 195 1
5507 3972 1
21313 9048 1
1669 658 1
5851 4950 1
797 583 1
617 118 2
9973 8564 1
4639 3912 1
1949 851 1
21163 6889 1
821 47 2
2 1 104
2339 1489 1
2237 627 1
19421 6992 1
23929 980 1
2741 2109 1
827 818 3
743 575 1
2287 302 1
6079 4477 1
251 4 3
157 32 7
653 624 2
29027 12354 1
18617 808 1
9473 3939 1
24697 9350 1
2207 592 1
20389 9775 1
383 199 1
11801 816 1
379 208 3
18539 5959 1
271 10 5
9241 6407 1
20593 12526 1
733 13 2
2069 344 1
821 768 1
193 32 4
523 373 2
2543 722 1
9547 1810 1
701 210 2
2083 1502 2
15269 2629 1
3917 3556 1
61 13 15
30307 18491 1
431 175 5
5347 4252 1
5527 5229 1
563 337 3
1787 1369 1
2389 1909 1
3517 2719 1
1499 316 1
139 42 4
1129 556 1
61 40 10
16001 4114 1
1097 226 1
389 140 4
13907 8791 1
1051 60 1
7 5 191
1489 96 2
11 2 43
4783 2536 1
2377 656 1
2267 714 1
3079 2311 1
419 351 2
2683 1956 1
359 84 2
353 349 2
1009 31 2
23 17 31
1249 790 1
4723 4201 1
883 122 1
773 686 2
10601 2818 1
883 131 1
523 225 2
4139 3920 1
13933 1239 1
991 862 2
2647 2198 2
883 670 2
2411 1436 1
6269 6134 1
1367 881 1
523 249 1
853 87 1
1321 1227 1
2027 560 1
8887 7032 1
20939 19679 1
149 108 3
2549 848 1
1709 713 1
761 383 2
3779 1228 1
887 307 1
239 113 3
2137 1544 2
26237 8257 1
353 64 5
0 0
