-996 1
-980 1
-968 1
-961 1
-898 1
-880 1
-850 1
-821 1
-797 1
-781 1
-776 1
-766 1
-700 1
-597 1
-569 1
-522 1
-519 1
-480 1
-453 1
-449 1
-443 1
-429 1
-384 1
-360 1
-347 1
-321 1
-318 1
-282 1
-213 1
-171 1
-170 1
-135 1
-67 1
-39 1
24 1
31 1
32 1
46 1
61 1
63 1
71 1
74 1
75 1
87 1
89 1
122 1
206 1
222 1
243 1
255 1
266 1
284 1
320 1
336 1
344 1
346 1
353 1
354 1
362 1
378 1
385 1
424 1
432 1
433 1
461 1
558 1
592 1
611 1
638 1
656 1
677 1
684 1
808 1
816 1
859 1
868 1
874 1
904 1
964 1
985 1
-965 2
-845 2
-839 2
-491 2
-319 2
-267 2
-219 2
-95 2
-7 2
97 2
249 2
313 2
369 2
471 2
535 2
639 2
735 2
759 2
781 2
809 2
-991 3
-880 3
-751 3
-662 3
-547 3
-512 3
-475 3
-356 3
-335 3
-232 3
-95 3
-71 3
-8 3
35 3
79 3
148 3
208 3
281 3
301 3
415 3
523 3
788 3
809 3
-693 4
-691 4
-633 4
-575 4
-343 4
-267 4
-239 4
-41 4
45 4
119 4
237 4
271 4
319 4
321 4
343 4
357 4
405 4
413 4
519 4
545 4
599 4
601 4
843 4
937 4
-948 5
-914 5
-861 5
-794 5
-709 5
-673 5
-654 5
-652 5
-507 5
-497 5
-468 5
-368 5
-221 5
-187 5
-178 5
-176 5
-99 5
-63 5
9 5
86 5
93 5
127 5
187 5
229 5
261 5
309 5
402 5
404 5
448 5
547 5
589 5
673 5
714 5
903 5
-823 6
-395 6
-359 6
-151 6
-97 6
-95 6
305 6
317 6
499 6
619 6
695 6
703 6
-870 7
-614 7
-603 7
-599 7
-508 7
-331 7
-311 7
-214 7
-134 7
-32 7
-2 7
59 7
96 7
110 7
148 7
206 7
310 7
372 7
457 7
487 7
590 7
722 7
964 7
-975 8
-945 8
-933 8
-927 8
-785 8
-721 8
-691 8
-669 8
-457 8
-349 8
-331 8
-271 8
-215 8
-175 8
-135 8
-63 8
33 8
99 8
133 8
139 8
493 8
561 8
577 8
-754 9
-470 9
-356 9
-254 9
-158 9
-106 9
80 9
133 9
332 9
376 9
425 9
512 9
539 9
647 9
839 9
-887 10
-713 10
-597 10
-571 10
-549 10
-409 10
-271 10
-107 10
57 10
99 10
163 10
183 10
217 10
239 10
279 10
357 10
563 10
793 10
827 10
-925 11
-904 11
-805 11
-694 11
-642 11
-617 11
-519 11
-354 11
-304 11
-241 11
-197 11
-109 11
38 11
64 11
203 11
256 11
260 11
368 11
509 11
562 11
563 11
601 11
728 11
816 11
-437 12
-155 12
305 12
347 12
583 12
935 12
-817 13
-655 13
-577 13
-369 13
-309 13
-185 13
-168 13
-166 13
-146 13
112 13
120 13
138 13
170 13
412 13
698 13
703 13
730 13
733 13
746 13
941 13
953 13
-955 14
-435 14
-355 14
-225 14
15 14
71 14
157 14
177 14
625 14
711 14
927 14
-674 15
-317 15
-268 15
-251 15
-176 15
-151 15
-116 15
292 15
304 15
353 15
392 15
407 15
418 15
907 15
929 15
-555 16
-503 16
-439 16
-365 16
-249 16
255 16
355 16
461 16
757 16
879 16
927 16
941 16
-978 17
-693 17
-636 17
-619 17
-572 17
-541 17
-363 17
-359 17
-334 17
-48 17
19 17
65 17
120 17
162 17
300 17
309 17
367 17
419 17
465 17
502 17
515 17
618 17
620 17
772 17
803 17
824 17
949 17
-959 18
-673 18
-425 18
-91 18
-85 18
-71 18
25 18
419 18
769 18
-668 19
-264 19
-220 19
-216 19
-164 19
-60 19
14 19
36 19
84 19
174 19
223 19
249 19
303 19
504 19
552 19
726 19
773 19
997 19
-207 20
-201 20
-161 20
321 20
407 20
527 20
-293 21
-13 21
104 21
505 21
827 21
-987 22
-711 22
-543 22
425 22
479 22
581 22
639 22
-867 23
-627 23
-534 23
-533 23
-410 23
-312 23
-300 23
-47 23
-33 23
142 23
182 23
231 23
330 23
402 23
432 23
538 23
546 23
550 23
673 23
829 23
885 23
886 23
949 23
982 23
995 23
-601 24
-497 24
-245 24
65 24
79 24
347 24
479 24
815 24
-651 25
-594 25
-157 25
-142 25
-27 25
101 25
128 25
174 25
261 25
433 25
506 25
578 25
602 25
798 25
957 25
-851 26
-229 26
-57 26
-17 26
643 26
721 26
805 26
991 26
-887 27
-878 27
-871 27
-229 27
-178 27
-83 27
196 27
206 27
296 27
448 27
527 27
911 27
923 27
965 27
-673 28
-19 28
373 28
575 28
605 28
-969 29
-824 29
-780 29
-690 29
-678 29
-528 29
-343 29
-313 29
-132 29
-121 29
-10 29
26 29
62 29
89 29
194 29
257 29
259 29
585 29
734 29
772 29
859 29
948 29
988 29
-673 30
-353 30
-79 30
229 30
349 30
997 30
-810 31
-692 31
-661 31
-636 31
-547 31
-474 31
-307 31
-268 31
-120 31
-9 31
214 31
824 31
-583 32
-309 32
281 32
337 32
721 32
859 32
-632 33
-304 33
530 33
994 33
115 34
137 34
403 34
653 34
807 34
-893 35
-696 35
-667 35
-472 35
-213 35
-192 35
-19 35
211 35
342 35
388 35
541 35
687 35
993 35
-107 36
353 36
649 36
-614 37
-466 37
-425 37
-288 37
-235 37
192 37
234 37
418 37
-825 38
-805 38
-783 38
-357 38
-67 38
547 38
-563 39
-440 39
-385 39
-209 39
-148 39
-134 39
166 39
392 39
508 39
737 39
-753 40
-629 40
-597 40
-393 40
-17 40
441 40
701 40
-568 41
-427 41
-250 41
-200 41
-193 41
-185 41
-52 41
-12 41
228 41
275 41
456 41
490 41
641 41
-1 42
-987 43
-835 43
-685 43
-557 43
-406 43
-366 43
-240 43
-232 43
-103 43
155 43
168 43
179 43
277 43
669 43
-923 44
-565 44
-281 44
329 44
-317 45
-178 45
-56 45
548 45
626 45
728 45
901 45
941 45
-551 46
-289 46
255 46
265 46
337 46
381 46
455 46
971 46
-121 47
196 47
316 47
388 47
741 47
-829 48
-659 49
-193 49
-94 49
600 49
776 49
-297 50
501 50
571 50
0 0
1277 561 2
1013 755 1
1301 19 1
25147 8560 1
39359 9635 1
1609 1572 1
307 38 2
3433 1084 1
139 58 5
1439 1354 1
3041 2137 1
1091 412 1
853 808 2
569 133 1
6959 1619 1
1283 877 2
1579 1534 1
6661 5856 1
89 56 9
1607 1492 1
4157 1203 1
31319 21632 1
8467 6562 1
11279 10961 1
9067 5551 1
461 87 4
1181 51 2
8171 4625 1
211 10 6
971 402 2
2647 1693 1
1471 74 2
863 210 1
1279 1044 1
6277 2301 1
569 315 2
6197 1150 1
13003 11692 1
47 42 17
443 412 2
2689 1392 1
2633 592 1
2099 334 1
587 47 1
2399 985 2
3251 2010 1
17959 4168 1
16481 1255 1
2339 206 1
5 1 90
59 48 12
5801 3132 1
83 6 8
3691 2811 1
2731 2496 1
223 156 5
409 362 3
4219 1030 1
4159 1141 1
13 1 47
9521 1527 1
4817 2996 1
103 0 10
317 155 5
83 39 5
211 204 5
251 132 2
14939 7854 1
211 210 4
2381 932 1
10193 5933 1
1789 1553 1
5297 3642 1
29 25 20
30469 9052 1
2111 1418 1
2089 1323 1
25447 21724 1
3343 2048 1
13709 8043 1
311 90 3
269 31 4
823 652 3
1627 466 1
569 185 2
5501 1422 1
8629 2718 1
353 301 4
1201 430 1
2017 1119 1
2657 432 1
3463 2297 1
1087 119 1
2999 1669 1
373 298 4
34511 32910 1
2791 353 2
6311 611 1
2633 1510 1
7877 4270 1
3259 594 1
2383 1427 1
1753 554 1
1297 1203 2
14627 8496 1
317 22 4
7243 5219 1
2897 1733 1
1901 186 1
839 313 1
1361 1101 2
6199 1464 1
1373 1092 1
6803 6371 1
8431 816 1
83 46 7
347 254 4
673 604 3
173 39 10
1699 558 1
5749 1985 1
1613 71 1
1259 284 1
103 37 8
2141 94 1
2579 645 1
281 270 3
3253 2863 1
2333 1973 1
3593 2034 1
12277 7509 1
263 175 3
7789 3742 1
8971 985 2
1583 1435 1
2309 744 2
1249 222 1
2027 1230 1
61 32 13
3 0 162
2339 1366 1
7 3 58
499 89 3
941 119 1
11 6 43
1427 74 1
6907 5927 1
1523 320 1
7517 2335 1
1327 1299 1
3343 353 1
1451 71 1
727 122 3
4957 1511 1
1201 494 1
1181 146 2
4229 2488 1
257 167 3
6043 863 1
4261 3351 2
1667 1018 1
21187 8344 1
1873 1188 1
1931 830 1
293 125 3
8839 3500 1
2503 272 1
1871 953 1
6637 138 1
857 91 1
3181 2481 1
937 849 2
3557 1077 1
10433 8034 1
7879 5528 1
563 211 1
1783 344 2
631 91 2
821 291 3
349 65 2
17189 9691 1
9029 1045 1
659 64 2
5197 684 1
6841 5256 1
787 247 1
8971 6050 1
331 6 3
2111 617 1
941 141 1
1621 677 3
2423 1643 1
11437 3735 1
1993 187 1
16573 12331 1
577 134 3
1801 1169 1
3583 2920 1
677 362 3
4637 4121 1
8423 1113 1
1733 914 1
5749 4062 1
3821 1646 1
10079 2964 1
5119 882 1
1867 433 1
14923 11403 1
1033 941 1
1747 1673 1
59 7 13
1621 859 1
59 19 15
5147 1763 1
1667 1442 2
1033 72 4
983 921 1
9067 1489 1
809 706 1
5 -1 86
13219 8913 1
977 695 1
4409 3529 1
8039 2324 1
71 43 13
479 389 5
743 707 2
1733 718 1
929 410 2
2357 960 1
2153 540 1
103 1 6
2333 106 1
8287 3601 1
8287 401 1
2633 2186 1
1069 587 1
13807 12210 1
1637 1044 1
967 639 1
2741 994 1
37 17 17
739 371 1
41 14 17
5669 4174 1
2029 1432 1
1201 380 2
1931 1478 2
131 123 4
739 392 1
16567 4670 1
193 158 5
919 866 1
12251 9331 1
4481 2603 1
15551 14331 1
1721 945 1
4967 2061 1
5879 266 1
1567 185 1
6571 4502 1
26863 9883 1
3109 1582 1
743 425 2
1229 889 1
563 478 1
1733 1463 2
109 79 6
1789 358 1
617 141 1
4657 3643 1
6577 2472 1
6947 827 1
199 78 6
5683 5008 1
499 229 1
607 433 2
5011 4469 1
1033 103 1
1301 811 1
251 9 5
4099 355 1
1657 354 2
463 435 3
2383 1970 1
757 339 1
9473 7668 1
4937 4494 1
1093 424 1
107 20 7
9241 378 1
839 475 1
173 70 8
677 638 2
2389 458 1
4241 824 1
3373 2547 1
5261 1939 1
17041 14795 1
1783 457 1
431 174 4
337 202 3
1303 764 1
5737 266 1
20747 19897 1
421 61 2
3631 2651 1
139 41 6
5849 3292 1
2027 1240 1
13763 2234 1
2477 874 1
11 10 44
881 347 2
1217 822 1
3617 3479 1
1861 1540 1
4447 1182 1
467 284 5
8009 6137 1
1061 333 1
23447 8485 1
9829 9376 1
2281 475 1
997 63 2
3671 1353 1
839 717 2
11927 7542 1
5119 1376 1
3607 2497 1
3719 385 1
487 296 2
431 2 2
3581 1914 1
2029 294 1
1361 1148 1
16061 904 1
2609 2546 1
1361 1169 1
9161 5682 1
14621 8853 1
1103 208 1
509 168 3
9277 2671 1
3529 2561 1
433 309 3
19477 2905 1
4093 214 1
1433 1073 1
499 460 2
10477 6585 1
173 119 6
6359 1679 1
2473 2164 1
4051 2480 1
131 63 7
131 75 8
769 543 1
617 426 1
1321 24 1
1553 1301 1
1949 1677 2
21163 19780 1
1187 1154 2
2377 1993 1
1009 942 2
11131 10810 1
521 350 2
14723 4905 1
1933 1838 1
1063 1001 1
163 75 8
163 78 6
14081 3062 1
5669 1504 1
739 523 2
1163 336 2
4463 1621 1
6673 354 1
9839 3641 1
10243 3996 1
1249 859 2
19913 7178 1
5981 1277 1
277 184 3
10343 7451 1
79 11 8
1109 346 1
5 3 80
1669 306 1
1973 46 1
641 233 4
1597 51 1
39971 33894 1
34949 8564 1
67 56 11
38219 33759 1
10037 1171 1
919 679 2
23081 7039 1
2531 813 1
317 175 3
1321 918 1
8963 8389 1
5779 4998 1
37 3 17
2657 231 1
12517 9239 1
2347 1268 1
2609 2244 1
29629 7008 1
37 24 16
1487 282 1
401 64 2
3943 1435 1
709 697 1
1301 94 1
2269 1805 1
8011 5407 1
449 1 3
241 90 2
8807 8448 1
3571 2461 1
1153 1001 2
643 195 2
5507 3972 1
21313 9048 1
1669 658 1
797 583 1
617 118 3
9973 8564 1
8377 4313 1
1949 851 1
21163 6889 1
3623 2797 1
821 47 3
3371 2065 1
2 1 103
14923 5797 1
2339 1489 2
2237 627 2
11443 4077 1
5179 714 1
9281 6668 1
2741 2109 1
827 818 3
743 575 1
2287 302 1
32321 16565 1
2657 1485 1
251 4 4
157 32 11
3187 1758 1
6473 4210 1
653 624 1
29027 12354 1
18617 808 1
4093 2440 1
24697 9350 1
2207 592 2
20389 9775 1
1753 1104 1
383 199 3
11801 816 1
379 208 2
18539 5959 1
271 10 4
35089 14669 1
14983 3070 1
733 13 2
9341 7141 1
853 196 1
2069 344 2
821 768 1
193 32 4
523 373 3
2543 722 1
9547 1810 1
701 210 2
61 13 16
30307 18491 1
431 175 4
5347 4252 1
563 337 2
2389 1909 2
3517 2719 1
1499 316 1
139 42 5
61 40 12
16001 4114 1
17509 9033 1
1097 226 1
9929 8137 1
389 140 3
1051 60 1
7 5 201
1489 96 1
11 2 40
4783 2536 1
16831 8256 1
2377 656 2
2267 714 1
3079 2311 1
419 351 1
28463 15979 1
359 84 2
353 349 1
1009 31 2
23 17 33
4723 4201 1
883 122 2
773 686 1
10601 2818 1
883 131 1
523 225 3
13933 1239 1
991 862 1
2647 2198 2
883 670 2
2411 1436 1
6269 6134 1
11839 9640 1
523 249 1
853 87 1
4729 2189 1
2027 560 1
8887 7032 1
149 108 4
2549 848 1
1709 713 2
761 383 2
3779 1228 1
239 113 2
26237 8257 1
353 64 1
0 0
