-996 1
-995 1
-980 1
-898 1
-880 1
-821 1
-781 1
-776 1
-766 1
-727 1
-723 1
-700 1
-593 1
-522 1
-519 1
-480 1
-456 1
-449 1
-443 1
-429 1
-384 1
-360 1
-318 1
-261 1
-240 1
-235 1
-213 1
-170 1
-135 1
-122 1
-90 1
-88 1
-67 1
-52 1
24 1
46 1
61 1
87 1
89 1
96 1
103 1
152 1
185 1
206 1
229 1
243 1
320 1
337 1
346 1
354 1
378 1
385 1
424 1
460 1
475 1
572 1
611 1
656 1
670 1
677 1
684 1
718 1
764 1
794 1
808 1
816 1
824 1
953 1
964 1
-965 2
-947 2
-869 2
-845 2
-839 2
-733 2
-645 2
-333 2
-281 2
-219 2
-105 2
-81 2
223 2
249 2
457 2
535 2
603 2
735 2
781 2
809 2
867 2
-991 3
-916 3
-796 3
-751 3
-514 3
-92 3
-71 3
-62 3
8 3
88 3
199 3
208 3
281 3
301 3
362 3
415 3
523 3
622 3
784 3
788 3
809 3
-597 4
-575 4
-359 4
-343 4
-341 4
-267 4
-239 4
-103 4
-41 4
45 4
79 4
237 4
271 4
303 4
319 4
413 4
519 4
937 4
-948 5
-914 5
-861 5
-831 5
-804 5
-766 5
-709 5
-652 5
-507 5
-497 5
-368 5
-289 5
-187 5
-178 5
-176 5
-63 5
8 5
127 5
144 5
174 5
229 5
249 5
261 5
294 5
344 5
404 5
497 5
524 5
529 5
673 5
714 5
803 5
851 5
903 5
949 5
-871 6
-359 6
-151 6
-131 6
-97 6
-95 6
145 6
305 6
499 6
619 6
691 6
703 6
-968 7
-951 7
-846 7
-643 7
-640 7
-603 7
-508 7
-311 7
-214 7
-187 7
59 7
88 7
96 7
110 7
204 7
206 7
310 7
341 7
590 7
717 7
944 7
-945 8
-933 8
-785 8
-721 8
-457 8
-349 8
-175 8
-63 8
33 8
93 8
133 8
139 8
303 8
313 8
493 8
495 8
527 8
561 8
577 8
-853 9
-836 9
-754 9
-470 9
-181 9
-106 9
101 9
451 9
647 9
970 9
-887 10
-597 10
-571 10
-391 10
-367 10
-271 10
-221 10
127 10
163 10
183 10
217 10
793 10
827 10
-925 11
-919 11
-861 11
-831 11
-772 11
-648 11
-624 11
-519 11
-438 11
-354 11
-241 11
-197 11
-112 11
-109 11
-75 11
38 11
64 11
69 11
203 11
496 11
562 11
563 11
601 11
816 11
882 11
-227 12
-173 12
-155 12
347 12
583 12
-857 13
-808 13
-655 13
-502 13
-465 13
-441 13
-369 13
-340 13
-166 13
-146 13
-120 13
63 13
120 13
122 13
198 13
268 13
334 13
412 13
552 13
591 13
698 13
730 13
746 13
763 13
870 13
-683 14
-409 14
-355 14
-255 14
157 14
395 14
-404 15
-383 15
-317 15
-217 15
-176 15
74 15
304 15
404 15
418 15
437 15
439 15
754 15
-971 16
-637 16
-555 16
-503 16
-301 16
-249 16
19 16
105 16
119 16
157 16
757 16
779 16
879 16
941 16
-989 17
-978 17
-677 17
-619 17
-572 17
-363 17
-338 17
-334 17
-50 17
21 17
65 17
300 17
367 17
491 17
502 17
515 17
618 17
772 17
824 17
894 17
959 17
991 17
-967 18
-959 18
-673 18
-425 18
-91 18
-71 18
25 18
769 18
781 18
803 18
-880 19
-701 19
-668 19
-465 19
-430 19
-424 19
-393 19
-295 19
-264 19
-220 19
-164 19
-60 19
8 19
36 19
84 19
102 19
192 19
223 19
288 19
686 19
773 19
-623 20
-433 20
-207 20
-161 20
7 20
33 20
321 20
407 20
431 20
527 20
579 20
743 20
-743 21
-460 21
-62 21
104 21
320 21
356 21
817 21
-711 22
-543 22
-141 22
-137 22
477 22
479 22
639 22
-985 23
-914 23
-797 23
-726 23
-692 23
-670 23
-534 23
-533 23
-363 23
-348 23
-312 23
-300 23
-204 23
-33 23
73 23
432 23
515 23
538 23
546 23
569 23
829 23
949 23
982 23
995 23
-497 24
-245 24
479 24
815 24
-651 25
-594 25
-334 25
-142 25
-103 25
-27 25
-4 25
11 25
97 25
111 25
181 25
433 25
578 25
586 25
798 25
862 25
912 25
-235 26
-229 26
-57 26
599 26
805 26
-760 27
-238 27
-178 27
-83 27
196 27
206 27
296 27
373 27
448 27
923 27
965 27
-969 29
-527 29
-313 29
-170 29
-132 29
-104 29
-10 29
8 29
123 29
257 29
585 29
948 29
983 29
988 29
-673 30
-343 30
-79 30
229 30
997 30
-810 31
-692 31
-547 31
-536 31
-313 31
-268 31
-230 31
-120 31
945 31
-917 32
-887 32
-869 32
-71 32
201 32
337 32
341 32
383 32
769 32
-647 33
-640 33
-632 33
-610 33
-449 33
-304 33
298 33
994 33
-669 34
-571 34
-499 34
-215 34
107 34
137 34
345 34
807 34
-876 35
-696 35
-472 35
-344 35
-43 35
323 35
342 35
541 35
687 35
796 35
872 35
271 36
-718 37
-425 37
-235 37
-165 37
-103 37
-27 37
115 37
192 37
234 37
418 37
584 37
603 37
605 37
835 37
954 37
-825 38
-805 38
-783 38
51 38
789 38
889 38
-568 39
-385 39
-350 39
-263 39
166 39
184 39
392 39
760 39
859 39
-943 40
-673 40
-393 40
441 40
701 40
-774 41
-698 41
-427 41
-193 41
-49 41
275 41
456 41
458 41
490 41
906 41
-415 42
-987 43
-835 43
-786 43
-778 43
-707 43
-685 43
-557 43
-372 43
-366 43
-277 43
-103 43
155 43
179 43
218 43
390 43
412 43
500 43
669 43
803 43
-923 44
325 44
329 44
357 44
-317 45
-56 45
73 45
292 45
626 45
728 45
901 45
934 45
-551 46
97 46
381 46
933 46
-981 47
-928 47
-829 47
-696 47
-167 47
-121 47
-115 47
388 47
690 47
864 47
-89 48
163 48
-489 49
-358 49
-260 49
-193 49
-94 49
-259 50
0 0
1277 561 2
1013 755 2
11321 6712 1
1301 19 1
39359 9635 1
1609 1572 1
307 38 2
139 58 5
2741 572 1
1759 1457 1
1439 1354 1
3407 1397 1
3041 2137 1
853 808 3
569 133 1
1283 877 1
1579 1534 1
6661 5856 1
89 56 9
1607 1492 1
8053 953 1
4157 1203 1
31319 21632 1
11279 10961 1
461 87 3
1181 51 1
211 10 4
21929 14035 1
971 402 1
2647 1693 1
45307 36716 1
14627 7542 1
863 210 1
1279 1044 2
6277 2301 1
569 315 1
6197 1150 1
5659 3720 1
47 42 16
443 412 2
3581 928 1
12143 1457 1
2633 592 1
2099 334 1
2399 985 1
3251 2010 1
17959 4168 1
16481 1255 1
2339 206 1
5 1 78
59 48 11
5801 3132 1
83 6 8
3691 2811 1
2731 2496 1
3121 309 1
223 156 4
409 362 4
13 1 41
9521 1527 1
18149 11834 1
4817 2996 2
103 0 8
317 155 4
83 39 5
211 204 4
251 132 2
9857 1621 1
14939 7854 1
211 210 6
2381 932 1
10193 5933 1
4721 1390 1
1789 1553 1
5297 3642 1
29 25 21
30469 9052 1
2111 1418 1
2089 1323 1
3343 2048 1
5801 2427 1
311 90 1
13829 8235 1
269 31 3
823 652 1
1627 466 1
569 185 3
5501 1422 1
1847 871 1
353 301 5
1201 430 1
2017 1119 1
12941 6931 1
2657 432 1
16249 13723 1
2999 1669 1
373 298 3
34511 32910 1
2791 353 1
16603 11721 1
6311 611 1
2633 1510 1
3259 594 1
1753 554 1
1297 1203 2
8963 794 1
317 22 3
2897 1733 1
28309 22271 1
1901 186 1
1531 1331 1
839 313 1
8093 981 1
4337 869 1
6199 1464 1
8431 816 1
83 46 6
347 254 3
673 604 3
3301 1725 1
173 39 6
1699 558 1
2729 1798 1
41399 15386 1
1613 71 1
7639 6146 1
103 37 10
2141 94 1
5039 2673 1
2579 645 1
281 270 3
2857 186 1
3253 2863 1
9209 3789 1
2333 1973 1
3593 2034 1
12277 7509 1
263 175 2
23057 16005 1
8971 985 1
2309 744 1
1249 222 1
61 32 13
3 0 146
2339 1366 1
7 3 52
9923 9308 1
499 89 3
941 119 1
11 6 45
1427 74 1
6907 5927 1
1523 320 1
1327 1299 1
14543 2119 1
727 122 1
12073 8310 1
1201 494 1
1181 146 1
257 167 4
2083 840 1
4261 3351 1
1873 1188 1
293 125 5
8839 3500 1
2503 272 1
1871 953 1
7753 460 1
857 91 2
3181 2481 1
937 849 2
19319 9961 1
7879 5528 1
563 211 2
1783 344 2
631 91 2
821 291 1
349 65 2
4003 229 1
5197 684 1
787 247 2
8971 6050 1
8269 2603 1
331 6 3
7001 6281 1
941 141 1
1621 677 2
1993 187 1
941 150 1
16573 12331 1
3719 2046 1
577 134 4
1801 1169 1
3583 2920 1
919 463 1
677 362 2
4637 4121 1
47419 25202 1
1733 914 2
2251 1708 1
5749 4062 1
3821 1646 1
2417 152 1
10079 2964 1
5119 882 1
1867 433 1
7883 4862 1
1033 941 2
48679 42874 1
1747 1673 1
59 7 13
9781 277 1
59 19 11
2557 1734 1
1033 72 2
983 921 1
10501 6400 1
809 706 4
5 -1 80
13219 8913 1
4409 3529 1
13259 11157 1
8039 2324 1
8191 5668 1
71 43 15
5573 5187 1
479 389 3
743 707 1
1733 718 1
929 410 3
11383 718 1
2357 960 1
1777 1039 1
2153 540 1
103 1 8
2333 106 1
6553 5496 1
2393 409 1
8287 401 1
2633 2186 1
1069 587 1
1637 1044 1
967 639 1
2741 994 1
37 17 15
41 14 14
5669 4174 1
2029 1432 1
1201 380 2
131 123 6
739 392 1
16567 4670 1
193 158 8
919 866 1
10853 2961 1
28909 20564 1
2341 2095 1
1721 945 1
2153 740 1
4967 2061 1
5669 4725 1
1567 185 1
6571 4502 1
26863 9883 1
3109 1582 2
743 425 1
4297 2677 1
1229 889 1
563 478 2
1733 1463 1
109 79 7
1789 358 2
617 141 1
199 78 7
499 229 2
607 433 2
1033 103 1
4019 1907 1
1301 811 1
251 9 6
4099 355 1
25633 19842 1
1657 354 1
463 435 3
4937 764 1
2383 1970 1
5563 4468 1
757 339 1
4937 4494 1
1093 424 1
107 20 6
9241 378 1
5779 2587 1
839 475 2
173 70 7
677 638 1
4241 824 1
1783 457 1
431 174 6
337 202 3
1303 764 1
421 61 4
2153 1143 1
3631 2651 2
18047 5048 1
8609 5858 1
139 41 6
5849 3292 1
13763 2234 1
5527 1552 1
11 10 37
18451 2218 1
881 347 2
5279 421 1
7417 3510 1
39419 31369 1
4447 1182 1
467 284 4
1061 333 1
9829 9376 1
2281 475 1
997 63 1
3671 1353 1
839 717 1
4943 1801 1
5119 1376 1
3719 385 1
487 296 1
431 2 2
5039 3461 1
2029 294 1
1361 1148 1
12347 11624 1
11587 4305 1
1361 1169 1
9161 5682 1
7001 584 1
1103 208 2
509 168 3
9277 2671 1
3529 2561 1
433 309 3
4093 214 1
3989 3728 1
1433 1073 1
499 460 2
4673 650 1
4133 1053 1
173 119 5
12527 1099 1
2473 2164 1
9277 3213 1
8297 2934 1
131 63 5
2963 2512 1
131 75 7
769 543 1
617 426 1
4987 152 1
1321 24 1
1949 1677 1
21163 19780 1
17827 9842 1
1187 1154 1
2377 1993 1
1697 954 1
1009 942 1
11863 5219 1
521 350 1
1933 1838 2
1063 1001 1
163 75 5
163 78 4
739 523 1
6673 354 1
9839 3641 1
1249 859 1
5981 1277 1
277 184 3
79 11 8
1109 346 3
5 3 71
1669 306 1
1973 46 1
1667 1074 1
641 233 3
1597 51 1
4007 2940 1
67 56 7
38219 33759 1
919 679 3
2531 813 1
317 175 2
1321 918 1
5779 4998 1
37 3 13
2657 231 1
2609 2244 1
37 24 16
1487 282 1
4111 2817 1
401 64 2
3943 1435 1
709 697 1
1301 94 3
2269 1805 1
3931 3781 1
8011 5407 1
449 1 2
241 90 1
3571 2461 1
1153 1001 2
643 195 1
21313 9048 1
1669 658 1
797 583 1
617 118 1
9973 8564 1
4639 3912 1
8377 4313 1
1949 851 1
21163 6889 1
3623 2797 1
821 47 1
2 1 95
14923 5797 1
2339 1489 1
2237 627 1
19421 6992 1
11443 4077 1
5179 714 1
9281 6668 1
827 818 2
743 575 1
5441 2196 1
32321 16565 1
6079 4477 1
4463 2179 1
1559 1276 1
251 4 2
157 32 5
28081 21898 1
3187 1758 1
6473 4210 1
653 624 1
29027 12354 1
18617 808 1
9473 3939 1
4093 2440 1
24697 9350 1
2207 592 1
20389 9775 1
1753 1104 1
383 199 3
11801 816 1
379 208 1
271 10 3
9241 6407 1
35089 14669 1
20593 12526 1
12433 1052 1
733 13 2
853 196 1
2069 344 1
193 32 4
523 373 2
9547 1810 1
701 210 2
2083 1502 1
15269 2629 1
61 13 13
30307 18491 1
431 175 2
5527 5229 1
563 337 3
2389 1909 1
3517 2719 1
1499 316 1
139 42 5
1129 556 1
61 40 12
1097 226 1
9929 8137 1
389 140 4
13907 8791 1
7 5 187
1489 96 2
11 2 46
4783 2536 1
2377 656 2
2267 714 1
3079 2311 1
419 351 2
2683 1956 1
28463 15979 1
359 84 3
353 349 2
1009 31 2
23 17 28
4723 4201 1
883 122 2
773 686 2
883 131 1
523 225 2
4139 3920 1
991 862 2
2647 2198 2
883 670 3
2411 1436 2
6269 6134 1
11839 9640 1
1367 881 1
523 249 1
853 87 2
4729 2189 1
1321 1227 1
8887 7032 1
20939 19679 1
149 108 4
2549 848 1
1709 713 2
761 383 2
239 113 2
2137 1544 1
19421 1195 1
353 64 4
0 0
