-995 1
-980 1
-968 1
-929 1
-898 1
-880 1
-850 1
-781 1
-776 1
-766 1
-653 1
-642 1
-597 1
-540 1
-519 1
-456 1
-453 1
-449 1
-443 1
-429 1
-384 1
-360 1
-318 1
-282 1
-261 1
-213 1
-170 1
-142 1
-135 1
-90 1
-62 1
3 1
10 1
31 1
38 1
61 1
63 1
71 1
75 1
87 1
89 1
90 1
96 1
103 1
122 1
123 1
152 1
185 1
206 1
222 1
229 1
243 1
255 1
284 1
320 1
336 1
337 1
344 1
346 1
353 1
362 1
378 1
385 1
418 1
424 1
516 1
556 1
572 1
592 1
611 1
656 1
684 1
764 1
808 1
816 1
825 1
868 1
928 1
953 1
985 1
-965 2
-947 2
-871 2
-869 2
-845 2
-827 2
-733 2
-491 2
-333 2
-319 2
-267 2
-253 2
-95 2
-81 2
-57 2
223 2
249 2
407 2
471 2
515 2
535 2
759 2
867 2
921 2
-991 3
-916 3
-880 3
-796 3
-769 3
-736 3
-608 3
-547 3
-532 3
-509 3
-490 3
-475 3
-466 3
-335 3
-244 3
-232 3
-62 3
-8 3
35 3
88 3
148 3
184 3
199 3
281 3
301 3
523 3
529 3
533 3
622 3
784 3
788 3
898 3
-927 4
-863 4
-693 4
-597 4
-575 4
-359 4
-267 4
-265 4
-239 4
-225 4
-41 4
45 4
237 4
271 4
303 4
343 4
357 4
405 4
413 4
519 4
599 4
-948 5
-849 5
-804 5
-766 5
-709 5
-652 5
-613 5
-497 5
-456 5
-368 5
-221 5
-178 5
-177 5
-136 5
-122 5
-99 5
-66 5
8 5
86 5
88 5
93 5
109 5
139 5
174 5
279 5
294 5
304 5
309 5
344 5
448 5
497 5
524 5
529 5
589 5
648 5
673 5
753 5
803 5
851 5
894 5
-871 6
-359 6
-305 6
-265 6
-197 6
-97 6
61 6
305 6
401 6
449 6
691 6
703 6
-870 7
-846 7
-836 7
-824 7
-640 7
-603 7
-599 7
-496 7
-456 7
-311 7
-134 7
-90 7
-52 7
-2 7
59 7
96 7
204 7
310 7
457 7
487 7
572 7
722 7
737 7
964 7
-975 8
-945 8
-933 8
-457 8
-349 8
-271 8
-215 8
-175 8
-63 8
99 8
561 8
577 8
-754 9
-296 9
-254 9
101 9
133 9
164 9
332 9
512 9
647 9
839 9
970 9
-713 10
-409 10
-391 10
-367 10
-351 10
-271 10
-221 10
99 10
127 10
163 10
217 10
239 10
279 10
287 10
563 10
793 10
-925 11
-904 11
-861 11
-831 11
-676 11
-648 11
-642 11
-624 11
-617 11
-432 11
-354 11
-241 11
-179 11
-112 11
-109 11
-92 11
-75 11
-54 11
-53 11
64 11
203 11
256 11
260 11
313 11
321 11
368 11
816 11
933 11
-437 12
-413 12
-227 12
-193 12
305 12
347 12
-857 13
-808 13
-577 13
-441 13
-369 13
-340 13
-185 13
-168 13
-166 13
-120 13
63 13
112 13
138 13
170 13
268 13
412 13
591 13
730 13
733 13
828 13
870 13
929 13
941 13
-869 14
-683 14
-435 14
-355 14
15 14
177 14
395 14
499 14
711 14
-404 15
-383 15
-251 15
-217 15
-176 15
-128 15
-116 15
74 15
292 15
304 15
407 15
439 15
508 15
754 15
929 15
-971 16
-907 16
-637 16
-503 16
119 16
157 16
255 16
461 16
879 16
927 16
-989 17
-837 17
-707 17
-636 17
-572 17
-559 17
-363 17
-359 17
-338 17
-334 17
-50 17
19 17
120 17
162 17
226 17
300 17
358 17
367 17
433 17
502 17
515 17
620 17
803 17
949 17
991 17
-673 18
-91 18
-85 18
-71 18
25 18
79 18
415 18
419 18
769 18
-880 19
-668 19
-465 19
-430 19
-424 19
-393 19
-295 19
-220 19
-164 19
14 19
27 19
36 19
102 19
174 19
192 19
288 19
303 19
320 19
336 19
434 19
504 19
686 19
726 19
858 19
872 19
-207 20
-33 20
431 20
579 20
743 20
-743 21
-62 21
-17 21
-13 21
505 21
-987 22
-543 22
-469 22
-141 22
-137 22
477 22
639 22
-985 23
-865 23
-726 23
-692 23
-670 23
-627 23
-533 23
-363 23
-312 23
-300 23
-204 23
-33 23
140 23
142 23
220 23
231 23
477 23
569 23
673 23
710 23
885 23
886 23
949 23
982 23
983 23
995 23
-601 24
-245 24
43 24
65 24
347 24
-708 25
-651 25
-456 25
-334 25
-239 25
-157 25
-142 25
-103 25
-4 25
56 25
97 25
101 25
111 25
272 25
433 25
482 25
506 25
586 25
606 25
798 25
862 25
-851 26
-229 26
-57 26
-17 26
599 26
721 26
805 26
-887 27
-871 27
-844 27
-295 27
-229 27
37 27
206 27
296 27
373 27
470 27
923 27
965 27
135 28
605 28
-821 29
-780 29
-678 29
-670 29
-615 29
-411 29
-343 29
-132 29
194 29
259 29
765 29
785 29
988 29
-353 30
-343 30
-79 30
229 30
-810 31
-748 31
-536 31
-474 31
-307 31
-268 31
-120 31
-9 31
370 31
-917 32
-159 32
201 32
337 32
721 32
821 32
-647 33
-640 33
-610 33
-449 33
-304 33
824 33
-669 34
785 34
807 34
911 34
-876 35
-692 35
-492 35
-344 35
-233 35
-43 35
-19 35
211 35
342 35
388 35
631 35
687 35
796 35
872 35
993 35
485 36
-466 37
-104 37
-103 37
192 37
234 37
418 37
577 37
605 37
835 37
898 37
-805 38
-783 38
-375 38
-357 38
51 38
-743 39
-563 39
-350 39
-148 39
-134 39
166 39
443 39
508 39
509 39
737 39
760 39
859 39
-853 40
-833 40
-393 40
109 40
441 40
701 40
-698 41
-427 41
-200 41
-193 41
-185 41
-52 41
228 41
456 41
458 41
490 41
641 41
774 41
948 41
755 42
-987 43
-778 43
-557 43
-372 43
-277 43
-240 43
-232 43
-103 43
120 43
145 43
218 43
255 43
390 43
412 43
427 43
618 43
669 43
704 43
803 43
325 44
329 44
357 44
651 44
-317 45
-178 45
-151 45
-56 45
73 45
131 45
626 45
676 45
901 45
941 45
-551 46
255 46
265 46
381 46
455 46
933 46
971 46
-928 47
-696 47
316 47
388 47
622 47
-829 48
-343 48
-89 48
107 48
163 48
-659 49
-632 49
-358 49
-193 49
-94 49
-1 49
600 49
-981 50
-849 50
153 50
487 50
501 50
571 50
0 0
1277 561 2
1013 755 1
14759 13401 1
25147 8560 1
39359 9635 1
1609 1572 1
307 38 2
3433 1084 1
139 58 5
2741 572 1
1439 1354 1
3407 1397 1
3041 2137 1
1091 412 1
853 808 2
569 133 1
6959 1619 1
1283 877 1
1579 1534 1
3083 1839 1
6661 5856 1
89 56 7
1607 1492 2
8053 953 1
4157 1203 1
28517 795 1
11279 10961 1
3373 1371 1
461 87 3
1181 51 1
8171 4625 1
4153 2638 1
211 10 5
971 402 1
2647 1693 1
1471 74 1
863 210 1
6277 2301 1
569 315 2
6197 1150 1
5659 3720 1
47 42 21
443 412 2
3581 928 1
2689 1392 1
12143 1457 1
2633 592 2
587 47 2
2399 985 1
3251 2010 1
16481 1255 1
2339 206 1
5 1 82
59 48 13
5801 3132 1
83 6 11
3691 2811 1
3121 309 1
223 156 4
409 362 3
4219 1030 1
4159 1141 1
13 1 33
9521 1527 1
4507 2613 1
18149 11834 1
4817 2996 2
103 0 9
317 155 3
83 39 7
211 204 5
4289 2985 1
251 132 3
9857 1621 1
14939 7854 1
211 210 5
5297 3642 1
29 25 23
2111 1418 1
1783 431 1
2089 1323 1
3343 2048 1
5801 2427 1
13709 8043 1
311 90 2
269 31 6
823 652 1
1627 466 1
569 185 2
3019 1085 1
5501 1422 1
8629 2718 1
353 301 5
1201 430 1
1993 1667 1
2017 1119 1
12941 6931 1
2657 432 1
3463 2297 1
16249 13723 1
1087 119 1
33113 27031 1
2999 1669 1
373 298 4
2791 353 1
6311 611 1
2633 1510 1
3259 594 1
2383 1427 1
1297 1203 1
14627 8496 1
317 22 4
7243 5219 1
2897 1733 1
28309 22271 1
1901 186 1
1531 1331 1
839 313 1
1361 1101 1
4337 869 1
8431 816 1
83 46 9
347 254 3
673 604 2
3301 1725 1
173 39 7
1699 558 1
5011 2709 1
2729 1798 1
1613 71 1
1259 284 1
7639 6146 1
103 37 9
2141 94 1
9403 3959 1
5039 2673 1
2579 645 1
281 270 4
2857 186 1
9209 3789 1
2333 1973 1
3593 2034 1
263 175 5
8971 985 1
1583 1435 1
2309 744 1
1249 222 1
61 32 13
3 0 163
7 3 53
9923 9308 1
499 89 2
941 119 1
11 6 46
6907 5927 1
1523 320 1
2609 556 1
1327 1299 1
14543 2119 1
3343 353 1
1451 71 1
727 122 2
12073 8310 1
4957 1511 1
1201 494 1
1181 146 3
4229 2488 1
257 167 3
2971 1778 1
6043 863 1
4261 3351 1
1931 830 1
293 125 4
8839 3500 1
2029 1707 1
2503 272 2
1871 953 1
857 91 2
937 849 3
3557 1077 1
10433 8034 1
7879 5528 1
563 211 1
1783 344 1
631 91 2
821 291 2
349 65 1
4003 229 1
659 64 1
5197 684 1
6841 5256 1
787 247 3
12211 3814 1
15727 9615 1
331 6 3
2111 617 1
941 141 1
1621 677 2
11437 3735 1
1993 187 1
941 150 1
16573 12331 1
577 134 4
1801 1169 1
4973 3286 1
919 463 1
677 362 3
4637 4121 1
1733 914 2
2251 1708 1
5749 4062 1
21397 8881 1
3821 1646 1
2417 152 1
5119 882 1
1867 433 1
1033 941 2
1747 1673 2
59 7 14
9781 277 1
2011 1491 1
59 19 16
5147 1763 1
2557 1734 1
1667 1442 1
677 535 1
1033 72 2
983 921 1
1619 237 1
8297 5994 1
10501 6400 1
809 706 2
5 -1 95
13219 8913 1
977 695 1
4409 3529 1
13259 11157 1
8039 2324 1
8191 5668 1
71 43 14
5573 5187 1
479 389 4
743 707 3
929 410 2
2357 960 1
1777 1039 1
103 1 7
2333 106 1
60649 31083 1
6553 5496 1
2393 409 1
8287 401 1
2633 2186 1
1069 587 2
1637 1044 1
967 639 2
2741 994 1
37 17 16
12893 4128 1
41 14 13
2029 1432 1
1201 380 1
1931 1478 1
131 123 6
739 392 1
16567 4670 1
193 158 7
919 866 1
12251 9331 1
4481 2603 1
2341 2095 1
1721 945 1
2153 740 1
4967 2061 1
1567 185 2
3109 1582 2
743 425 1
1229 889 2
563 478 2
1733 1463 1
109 79 8
1789 358 1
617 141 3
2459 2183 1
199 78 5
499 229 2
607 433 3
5011 4469 1
1033 103 1
1301 811 1
251 9 8
4099 355 1
1657 354 1
463 435 3
4937 764 1
5563 4468 1
757 339 1
9473 7668 1
4937 4494 1
1093 424 2
107 20 8
9241 378 1
2377 2268 1
839 475 1
173 70 6
677 638 2
2389 458 1
4241 824 1
3373 2547 1
5261 1939 1
1783 457 1
431 174 5
337 202 4
37691 2781 1
1303 764 1
20747 19897 1
421 61 4
2153 1143 1
3631 2651 2
8609 5858 1
139 41 5
2027 1240 2
2381 143 1
13763 2234 1
2477 874 1
10211 8576 1
5527 1552 1
11 10 39
18451 2218 1
881 347 1
23873 16356 1
5279 421 1
1861 1540 1
467 284 5
1061 333 2
9829 9376 1
997 63 2
3671 1353 1
839 717 1
10007 5498 1
19009 15053 1
4943 1801 1
11927 7542 1
10303 8468 1
5119 1376 1
1123 505 1
3719 385 1
487 296 2
29927 23452 1
431 2 2
3919 1225 1
3581 1914 1
5039 3461 1
2029 294 1
1361 1148 1
11587 4305 1
1361 1169 1
9161 5682 1
7001 584 1
1103 208 1
509 168 3
3529 2561 1
433 309 3
3989 3728 1
1433 1073 1
499 460 3
10477 6585 1
173 119 6
6359 1679 1
2749 38 1
2473 2164 1
4051 2480 1
131 63 7
1693 409 1
2963 2512 1
131 75 9
769 543 2
617 426 2
4987 152 1
6781 2677 1
1949 1677 1
17827 9842 1
1187 1154 1
2377 1993 1
1697 954 1
1009 942 1
521 350 1
14723 4905 1
1933 1838 1
1063 1001 2
163 75 6
163 78 4
5669 1504 1
739 523 1
1163 336 1
6971 3050 1
4463 1621 1
10243 3996 1
277 184 3
10343 7451 1
79 11 8
1109 346 2
5 3 89
641 233 3
39971 33894 1
34949 8564 1
67 56 10
919 679 2
24391 8567 1
2531 813 1
5927 5014 1
317 175 2
1321 918 2
5779 4998 1
5279 2513 1
37 3 16
2657 231 1
12517 9239 1
7103 2022 1
2347 1268 1
15083 12644 1
29629 7008 1
4219 193 1
37 24 18
1487 282 1
4111 2817 1
401 64 3
3943 1435 1
709 697 1
1301 94 1
2269 1805 1
8011 5407 1
449 1 3
241 90 4
3571 2461 1
1153 1001 1
643 195 2
21313 9048 1
1669 658 1
5851 4950 1
797 583 1
617 118 3
8377 4313 1
21163 6889 1
821 47 2
3371 2065 1
2 1 104
2339 1489 1
2237 627 1
11443 4077 1
5179 714 1
9281 6668 1
827 818 2
743 575 2
251 4 3
157 32 9
6473 4210 1
653 624 2
29027 12354 1
18617 808 1
9473 3939 1
4093 2440 1
24697 9350 1
2207 592 2
36643 6275 1
383 199 2
11801 816 1
379 208 2
271 10 4
20593 12526 1
12433 1052 1
14983 3070 1
3769 1471 1
733 13 2
9341 7141 1
853 196 1
2069 344 2
193 32 4
523 373 2
2543 722 1
9547 1810 1
701 210 1
2083 1502 2
3917 3556 1
61 13 13
30307 18491 1
431 175 2
5347 4252 1
563 337 2
1787 1369 1
3517 2719 1
1499 316 1
139 42 6
1129 556 1
61 40 12
16001 4114 1
17509 9033 1
1097 226 1
389 140 4
13907 8791 1
7 5 214
1489 96 1
11 2 44
4783 2536 1
16831 8256 1
2377 656 2
2267 714 1
3079 2311 1
419 351 1
2683 1956 1
28463 15979 1
359 84 2
353 349 2
1009 31 2
23 17 33
1249 790 1
883 122 1
773 686 2
883 131 2
1993 825 1
5009 3736 1
523 225 2
991 862 1
2393 305 1
2647 2198 2
883 670 1
2411 1436 1
6269 6134 1
1367 881 1
523 249 1
853 87 2
1321 1227 1
2027 560 1
8887 7032 1
149 108 3
2549 848 1
1709 713 1
761 383 1
887 307 1
239 113 4
2137 1544 1
26237 8257 1
353 64 5
0 0
