-996 1
-995 1
-968 1
-929 1
-898 1
-880 1
-874 1
-850 1
-821 1
-797 1
-776 1
-766 1
-727 1
-723 1
-720 1
-700 1
-653 1
-642 1
-593 1
-569 1
-540 1
-519 1
-480 1
-478 1
-448 1
-360 1
-347 1
-318 1
-240 1
-235 1
-171 1
-170 1
-122 1
-62 1
-52 1
-39 1
3 1
24 1
38 1
46 1
63 1
71 1
74 1
75 1
89 1
90 1
103 1
122 1
152 1
185 1
222 1
229 1
266 1
270 1
336 1
337 1
344 1
346 1
353 1
362 1
378 1
412 1
424 1
432 1
460 1
461 1
587 1
592 1
611 1
677 1
808 1
859 1
868 1
874 1
953 1
964 1
985 1
-965 2
-869 2
-839 2
-827 2
-645 2
-333 2
-319 2
-281 2
-267 2
-105 2
-81 2
-57 2
247 2
249 2
313 2
369 2
471 2
535 2
557 2
603 2
759 2
809 2
867 2
921 2
-916 3
-880 3
-856 3
-796 3
-769 3
-751 3
-736 3
-662 3
-608 3
-547 3
-532 3
-514 3
-509 3
-335 3
-244 3
-232 3
8 3
79 3
148 3
184 3
301 3
362 3
604 3
743 3
809 3
898 3
902 3
-927 4
-863 4
-751 4
-691 4
-633 4
-597 4
-267 4
-265 4
-239 4
-235 4
-41 4
45 4
79 4
119 4
237 4
319 4
321 4
343 4
405 4
519 4
545 4
601 4
937 4
-948 5
-861 5
-831 5
-804 5
-683 5
-673 5
-654 5
-613 5
-507 5
-468 5
-456 5
-368 5
-289 5
-221 5
-178 5
-136 5
-102 5
-99 5
-66 5
-63 5
9 5
93 5
109 5
144 5
174 5
187 5
279 5
309 5
402 5
404 5
524 5
714 5
736 5
753 5
-823 6
-691 6
-395 6
-359 6
-305 6
-265 6
61 6
145 6
317 6
401 6
499 6
-951 7
-874 7
-846 7
-836 7
-824 7
-643 7
-640 7
-614 7
-214 7
-187 7
-134 7
-90 7
-52 7
-2 7
59 7
165 7
204 7
206 7
226 7
310 7
457 7
572 7
717 7
722 7
737 7
964 7
-975 8
-945 8
-927 8
-785 8
-775 8
-721 8
-559 8
-349 8
-271 8
-175 8
93 8
99 8
139 8
495 8
527 8
561 8
-928 9
-836 9
-754 9
-553 9
-470 9
-356 9
-296 9
-254 9
-181 9
-106 9
80 9
164 9
332 9
425 9
451 9
512 9
647 9
839 9
970 9
-929 10
-887 10
-571 10
-429 10
-351 10
-221 10
-107 10
57 10
99 10
103 10
113 10
183 10
239 10
279 10
287 10
357 10
563 10
793 10
827 10
-939 11
-919 11
-805 11
-676 11
-624 11
-494 11
-438 11
-197 11
-179 11
-112 11
-92 11
-54 11
38 11
260 11
321 11
563 11
601 11
728 11
933 11
-437 12
-413 12
-193 12
305 12
-857 13
-577 13
-441 13
-252 13
-185 13
-146 13
-120 13
-35 13
30 13
63 13
122 13
138 13
198 13
698 13
703 13
746 13
763 13
828 13
870 13
929 13
941 13
953 13
-869 14
-435 14
-409 14
-225 14
15 14
177 14
319 14
711 14
731 14
-776 15
-674 15
-404 15
-383 15
-317 15
74 15
392 15
404 15
407 15
418 15
437 15
692 15
901 15
929 15
-971 16
-555 16
-439 16
-365 16
-301 16
-187 16
19 16
255 16
779 16
-636 17
-572 17
-541 17
-359 17
-334 17
-50 17
-48 17
120 17
162 17
268 17
358 17
367 17
419 17
433 17
502 17
515 17
618 17
620 17
687 17
824 17
894 17
-959 18
-827 18
-673 18
-425 18
-91 18
-85 18
25 18
79 18
415 18
-841 19
-701 19
-424 19
-264 19
-232 19
-216 19
-164 19
14 19
27 19
36 19
59 19
84 19
102 19
174 19
223 19
249 19
303 19
320 19
504 19
773 19
858 19
872 19
990 19
-623 20
-161 20
-19 20
7 20
579 20
651 20
743 20
-743 21
-460 21
-293 21
356 21
505 21
817 21
827 21
859 21
-905 22
-711 22
-469 22
-157 22
-137 22
425 22
431 22
477 22
581 22
639 22
-985 23
-914 23
-865 23
-726 23
-692 23
-627 23
-534 23
-533 23
-410 23
-363 23
-300 23
-33 23
73 23
142 23
220 23
402 23
515 23
546 23
569 23
673 23
710 23
829 23
885 23
886 23
949 23
-601 24
-497 24
43 24
65 24
347 24
815 24
-708 25
-651 25
-456 25
-334 25
-239 25
-157 25
-27 25
-4 25
56 25
97 25
101 25
506 25
513 25
578 25
606 25
798 25
912 25
957 25
-851 26
-525 26
-363 26
-235 26
-229 26
-57 26
-17 26
123 26
557 26
721 26
991 26
-896 27
-887 27
-878 27
-871 27
-760 27
-637 27
-578 27
-295 27
-238 27
-178 27
-83 27
37 27
196 27
206 27
448 27
470 27
911 27
965 27
-673 28
-19 28
135 28
575 28
629 28
-780 29
-678 29
-670 29
-343 29
-185 29
-170 29
-149 29
-104 29
-10 29
6 29
8 29
26 29
89 29
194 29
257 29
585 29
765 29
772 29
785 29
859 29
867 29
983 29
988 29
-353 30
349 30
997 30
-991 31
-661 31
-584 31
-547 31
-536 31
-313 31
-307 31
-268 31
-120 31
-9 31
214 31
253 31
370 31
474 31
668 31
824 31
-323 32
-309 32
337 32
341 32
721 32
769 32
821 32
-632 33
-610 33
-449 33
-304 33
298 33
994 33
-865 34
-669 34
-215 34
115 34
137 34
403 34
653 34
785 34
807 34
911 34
-696 35
-692 35
-472 35
-344 35
-233 35
-192 35
-107 36
271 36
341 36
353 36
485 36
-718 37
-598 37
-235 37
192 37
234 37
418 37
505 37
577 37
603 37
898 37
984 37
-913 38
-825 38
-805 38
-375 38
-357 38
99 38
169 38
283 38
889 38
987 38
-743 39
-385 39
-263 39
-134 39
184 39
392 39
443 39
508 39
737 39
-673 40
-629 40
-597 40
-393 40
-17 40
441 40
-774 41
-568 41
-250 41
-193 41
-185 41
-12 41
228 41
332 41
458 41
641 41
774 41
906 41
948 41
-415 42
989 42
-685 43
-557 43
-240 43
-232 43
-67 43
145 43
155 43
179 43
277 43
-923 44
-565 44
-281 44
167 44
431 44
651 44
-151 45
292 45
676 45
901 45
904 45
-551 46
-289 46
-271 46
255 46
381 46
455 46
-981 47
-928 47
-829 47
-167 47
-121 47
-115 47
172 47
316 47
864 47
-829 48
-89 48
107 48
-260 49
-1 49
529 49
600 49
776 49
989 49
-989 50
-849 50
-259 50
501 50
571 50
0 0
1013 755 2
11953 3215 1
11321 6712 1
1301 19 1
14759 13401 1
25147 8560 1
307 38 2
3433 1084 1
139 58 6
8623 981 1
1439 1354 1
1091 412 1
853 808 2
569 133 2
1283 877 2
3083 1839 1
89 56 11
1607 1492 1
8053 953 1
2903 1889 1
4157 1203 1
8467 6562 1
28517 795 1
11279 10961 1
9067 5551 1
3373 1371 1
461 87 3
1181 51 3
211 10 6
971 402 3
2647 1693 1
1471 74 1
45307 36716 1
863 210 2
1279 1044 2
569 315 1
13003 11692 1
47 42 20
5087 1477 1
443 412 3
3581 928 1
2689 1392 1
12143 1457 1
2633 592 2
587 47 1
2399 985 2
5897 5655 1
3251 2010 1
5 1 95
59 48 12
9857 5303 1
83 6 10
3691 2811 1
2731 2496 1
223 156 3
409 362 3
4159 1141 1
13 1 46
9521 1527 1
4507 2613 1
18149 11834 1
103 0 9
317 155 4
83 39 7
211 204 3
4289 2985 2
251 132 3
18251 17840 1
14939 7854 1
211 210 6
2381 932 1
13381 12533 1
4721 1390 1
1789 1553 1
2803 1525 1
29 25 24
2579 1138 1
30469 9052 1
2111 1418 1
2089 1323 2
25447 21724 1
3343 2048 1
13709 8043 1
311 90 3
13829 8235 1
269 31 6
823 652 2
7109 1020 1
1627 466 1
569 185 1
3019 1085 1
5501 1422 1
1847 871 1
353 301 6
1201 430 1
1993 1667 1
2017 1119 1
12941 6931 1
2657 432 1
3463 2297 1
1087 119 2
33113 27031 1
373 298 4
8963 270 1
34511 32910 1
2791 353 1
6311 611 1
2633 1510 3
3259 594 1
2383 1427 1
1753 554 1
1297 1203 2
14627 8496 1
317 22 4
7243 5219 1
2897 1733 1
839 313 1
1361 1101 2
21143 17741 1
1373 1092 1
6803 6371 1
83 46 9
347 254 3
673 604 2
173 39 7
2729 1798 1
1613 71 1
1259 284 1
7639 6146 1
103 37 8
2141 94 1
2579 645 1
281 270 5
9209 3789 1
2333 1973 1
3593 2034 1
12277 7509 1
263 175 4
8971 985 2
1583 1435 1
2309 744 1
12689 8373 1
4229 2288 1
1249 222 1
2027 1230 1
61 32 14
3 0 155
2339 1366 1
7 3 49
9923 9308 1
499 89 3
11 6 56
1427 74 1
9973 2949 1
1523 320 1
14543 2119 1
3343 353 1
1451 71 1
727 122 3
4957 1511 1
1181 146 3
257 167 5
2971 1778 1
6043 863 1
4261 3351 2
1667 1018 1
21187 8344 1
1873 1188 1
1931 830 1
293 125 2
8839 3500 1
2029 1707 1
1871 953 1
6637 138 1
7753 460 1
857 91 2
3181 2481 1
937 849 2
3557 1077 1
19319 9961 1
7879 5528 1
563 211 1
1783 344 2
631 91 2
821 291 1
349 65 1
4003 229 1
659 64 1
35419 7642 1
6841 5256 1
787 247 2
12211 3814 1
8269 2603 1
331 6 3
7001 6281 1
27551 24703 1
941 141 1
1621 677 3
2423 1643 1
11437 3735 1
941 150 1
3719 2046 1
577 134 2
3583 2920 1
677 362 2
4637 4121 1
47419 25202 1
1733 914 1
2251 1708 1
21397 8881 1
4259 3087 1
3821 1646 1
2417 152 1
1033 941 2
48679 42874 1
1747 1673 2
59 7 12
1621 859 1
2011 1491 1
59 19 12
5147 1763 1
1667 1442 1
677 535 1
1033 72 2
983 921 1
9067 1489 1
809 706 2
5 -1 84
13219 8913 1
977 695 1
4409 3529 1
8039 2324 1
8191 5668 1
71 43 15
479 389 4
743 707 2
1733 718 1
929 410 2
1777 1039 1
2153 540 1
103 1 6
2333 106 1
60649 31083 1
6553 5496 1
2393 409 1
1069 587 3
3593 2507 1
1637 1044 1
967 639 1
2741 994 1
37 17 17
12893 4128 1
739 371 1
41 14 14
1201 380 2
1931 1478 1
131 123 3
739 392 2
16567 4670 1
193 158 7
919 866 2
12251 9331 1
28909 20564 1
2341 2095 1
1721 945 1
4967 2061 1
5879 266 1
1567 185 2
26863 9883 1
743 425 2
4297 2677 1
1229 889 1
1733 1463 1
109 79 9
1789 358 1
617 141 2
4657 3643 1
199 78 5
499 229 3
607 433 2
11731 1551 1
1033 103 2
251 9 4
4099 355 1
1657 354 1
463 435 1
2383 1970 1
5563 4468 1
757 339 1
1093 424 1
107 20 5
9241 378 1
5779 2587 1
2377 2268 1
839 475 1
173 70 7
677 638 2
2389 458 1
3373 2547 1
5261 1939 1
17041 14795 1
1783 457 2
431 174 2
337 202 1
37691 2781 1
1303 764 1
5737 266 1
20747 19897 1
421 61 3
8609 5858 1
139 41 7
2027 1240 1
13763 2234 1
2477 874 1
10211 8576 1
11 10 43
18451 2218 1
881 347 2
7417 3510 1
39419 31369 1
3617 3479 1
1861 1540 1
4447 1182 1
467 284 5
1889 1507 1
9829 9376 1
2281 475 1
997 63 1
3671 1353 1
839 717 1
10007 5498 1
19009 15053 1
11927 7542 1
10303 8468 1
5119 1376 1
1123 505 1
3719 385 1
487 296 2
29927 23452 1
431 2 2
3919 1225 1
3581 1914 1
2029 294 1
1361 1148 1
12347 11624 1
47129 19919 1
2609 2546 1
1361 1169 1
9161 5682 1
14621 8853 1
1103 208 2
509 168 3
3529 2561 1
433 309 1
4093 214 1
3989 3728 1
1433 1073 1
499 460 3
4673 650 1
4133 1053 1
173 119 4
12527 1099 1
2749 38 1
2473 2164 1
9277 3213 1
4051 2480 1
8297 2934 1
131 63 7
2963 2512 1
131 75 8
769 543 2
617 426 1
4987 152 1
1321 24 1
1553 1301 1
1949 1677 1
21163 19780 1
17827 9842 1
1187 1154 1
1697 954 1
1009 942 1
521 350 2
1933 1838 1
1063 1001 2
163 75 6
163 78 4
5669 1504 1
739 523 2
1163 336 1
6971 3050 1
4463 1621 1
9839 3641 1
8369 4833 1
1249 859 2
5981 1277 1
277 184 4
10343 7451 1
79 11 10
1109 346 3
5 3 81
1669 306 1
1973 46 1
1667 1074 1
641 233 4
1597 51 1
39971 33894 1
4007 2940 1
67 56 9
38219 33759 1
919 679 2
3163 507 1
317 175 2
37 3 17
12517 9239 1
7103 2022 1
2347 1268 1
2609 2244 1
9173 5752 1
29629 7008 1
4219 193 1
37 24 14
3613 1987 1
4111 2817 1
401 64 4
3943 1435 1
709 697 1
1301 94 2
2269 1805 1
8011 5407 1
449 1 3
241 90 5
3571 2461 1
1153 1001 1
643 195 1
5507 3972 1
1669 658 1
797 583 1
617 118 2
4639 3912 1
8377 4313 1
1949 851 1
21163 6889 1
3623 2797 1
821 47 3
3371 2065 1
2 1 98
14923 5797 1
2339 1489 1
5179 714 1
9281 6668 1
2741 2109 1
827 818 4
743 575 1
5441 2196 1
2287 302 1
32321 16565 1
6079 4477 1
4463 2179 1
2657 1485 1
1559 1276 1
251 4 4
157 32 7
28081 21898 1
3187 1758 1
6473 4210 1
653 624 2
18617 808 1
9473 3939 1
4093 2440 1
24697 9350 1
2207 592 2
20389 9775 1
36643 6275 1
383 199 1
379 208 4
26161 17690 1
18539 5959 1
271 10 3
9241 6407 1
14983 3070 1
3769 1471 1
733 13 2
9341 7141 1
2069 344 1
821 768 1
193 32 3
523 373 2
701 210 2
2083 1502 3
15269 2629 1
3917 3556 1
61 13 12
431 175 3
5347 4252 1
563 337 2
2389 1909 2
3517 2719 1
1499 316 1
5011 4703 1
139 42 6
1129 556 1
61 40 13
17509 9033 1
1097 226 1
9929 8137 1
389 140 4
1051 60 1
7 5 217
1489 96 1
11 2 39
16831 8256 1
2377 656 2
2267 714 1
3079 2311 1
12601 1241 1
419 351 2
2683 1956 1
359 84 2
353 349 2
1009 31 2
23 17 32
883 122 3
773 686 1
10601 2818 1
883 131 1
5009 3736 1
523 225 3
4139 3920 1
991 862 2
2393 305 1
2647 2198 1
883 670 2
2411 1436 2
11839 9640 1
1367 881 1
523 249 2
853 87 1
2027 560 1
8887 7032 1
20939 19679 1
149 108 6
2549 848 2
1709 713 1
761 383 2
239 113 3
2137 1544 2
19421 1195 1
353 64 4
0 0
