-995 1
-961 1
-880 1
-826 1
-766 1
-727 1
-723 1
-720 1
-642 1
-597 1
-569 1
-540 1
-522 1
-480 1
-448 1
-443 1
-429 1
-347 1
-247 1
-213 1
-170 1
-150 1
-142 1
-135 1
-90 1
-62 1
46 1
61 1
87 1
89 1
90 1
122 1
123 1
152 1
206 1
210 1
222 1
229 1
255 1
266 1
270 1
284 1
336 1
337 1
344 1
354 1
362 1
385 1
418 1
424 1
433 1
461 1
475 1
516 1
556 1
558 1
611 1
638 1
670 1
764 1
808 1
816 1
824 1
825 1
874 1
904 1
953 1
985 1
-871 2
-869 2
-827 2
-733 2
-645 2
-281 2
-95 2
-81 2
-57 2
-7 2
97 2
247 2
369 2
407 2
457 2
471 2
515 2
557 2
735 2
781 2
921 2
-991 3
-880 3
-856 3
-769 3
-751 3
-731 3
-608 3
-532 3
-514 3
-512 3
-490 3
-475 3
-466 3
-356 3
-335 3
-232 3
-92 3
-71 3
-62 3
8 3
79 3
184 3
199 3
208 3
388 3
415 3
604 3
622 3
809 3
-927 4
-693 4
-691 4
-633 4
-597 4
-575 4
-359 4
-341 4
-103 4
45 4
271 4
319 4
321 4
343 4
357 4
413 4
843 4
937 4
-831 5
-804 5
-766 5
-683 5
-673 5
-652 5
-497 5
-456 5
-368 5
-187 5
-177 5
-136 5
-102 5
-99 5
-66 5
8 5
9 5
127 5
139 5
229 5
279 5
288 5
304 5
402 5
497 5
547 5
648 5
753 5
851 5
894 5
-691 6
-305 6
-265 6
-197 6
-151 6
-131 6
-97 6
61 6
317 6
401 6
449 6
499 6
619 6
695 6
703 6
-951 7
-870 7
-846 7
-836 7
-640 7
-614 7
-603 7
-599 7
-456 7
-187 7
-32 7
59 7
96 7
110 7
204 7
206 7
226 7
341 7
372 7
457 7
572 7
590 7
722 7
944 7
964 7
-975 8
-927 8
-721 8
-691 8
-669 8
-457 8
-331 8
-215 8
99 8
133 8
495 8
561 8
577 8
-928 9
-754 9
-553 9
-470 9
-356 9
-296 9
-254 9
-181 9
-106 9
133 9
376 9
512 9
539 9
647 9
970 9
-597 10
-571 10
-429 10
-409 10
-367 10
-271 10
-107 10
103 10
281 10
563 10
-919 11
-831 11
-676 11
-642 11
-432 11
-304 11
-241 11
-75 11
-53 11
38 11
43 11
64 11
69 11
256 11
260 11
321 11
496 11
509 11
563 11
816 11
-437 12
-193 12
347 12
583 12
935 12
-990 13
-857 13
-817 13
-808 13
-502 13
-441 13
-168 13
58 13
63 13
112 13
120 13
122 13
138 13
170 13
268 13
334 13
412 13
698 13
730 13
779 13
828 13
870 13
929 13
941 13
-955 14
-869 14
-683 14
-435 14
177 14
499 14
625 14
-268 15
-251 15
-217 15
-151 15
-128 15
-116 15
292 15
304 15
392 15
407 15
418 15
508 15
692 15
901 15
907 15
-907 16
-637 16
-555 16
-439 16
-365 16
-249 16
19 16
119 16
255 16
355 16
757 16
779 16
879 16
927 16
941 16
-989 17
-837 17
-693 17
-636 17
-359 17
-338 17
-334 17
-313 17
19 17
162 17
226 17
268 17
358 17
419 17
491 17
502 17
687 17
803 17
949 17
-827 18
-673 18
-91 18
25 18
79 18
415 18
419 18
-430 19
-424 19
-232 19
-164 19
27 19
36 19
59 19
192 19
225 19
288 19
336 19
434 19
686 19
726 19
858 19
872 19
997 19
-623 20
-207 20
-201 20
-161 20
-33 20
7 20
321 20
407 20
431 20
527 20
579 20
651 20
-743 21
-293 21
-62 21
104 21
-905 22
-711 22
-469 22
-157 22
-137 22
479 22
639 22
-985 23
-914 23
-751 23
-726 23
-692 23
-533 23
-363 23
-312 23
-204 23
-47 23
-33 23
73 23
140 23
220 23
231 23
330 23
402 23
477 23
538 23
569 23
710 23
885 23
982 23
-497 24
43 24
-651 25
-334 25
-239 25
-27 25
-4 25
101 25
111 25
174 25
181 25
433 25
506 25
606 25
123 26
805 26
-878 27
-844 27
-295 27
-238 27
-229 27
-83 27
196 27
296 27
373 27
470 27
911 27
-673 28
135 28
605 28
629 28
-969 29
-821 29
-678 29
-670 29
-615 29
-528 29
-313 29
-185 29
-170 29
-149 29
-10 29
26 29
62 29
89 29
194 29
257 29
772 29
859 29
983 29
988 29
-673 30
-343 30
-748 31
-636 31
-547 31
-536 31
-307 31
-230 31
-120 31
-9 31
253 31
370 31
-917 32
-887 32
-583 32
-323 32
-309 32
-159 32
-71 32
281 32
337 32
341 32
383 32
769 32
-647 33
-640 33
-632 33
-449 33
-304 33
298 33
709 33
-669 34
-499 34
345 34
653 34
911 34
-893 35
-876 35
-692 35
-492 35
-472 35
-233 35
-192 35
-43 35
211 35
323 35
388 35
796 35
341 36
-425 37
-103 37
577 37
898 37
954 37
984 37
-913 38
-375 38
-67 38
51 38
547 38
789 38
889 38
-743 39
-563 39
-440 39
-209 39
-148 39
166 39
443 39
509 39
737 39
859 39
-833 40
-753 40
-673 40
-629 40
-597 40
109 40
441 40
701 40
-698 41
-568 41
-427 41
-250 41
-193 41
-185 41
-49 41
-12 41
228 41
275 41
458 41
774 41
948 41
-1 42
989 42
-996 43
-835 43
-786 43
-707 43
-557 43
-366 43
-277 43
-240 43
168 43
179 43
255 43
390 43
412 43
427 43
500 43
704 43
803 43
-923 44
-565 44
57 44
167 44
325 44
329 44
357 44
651 44
-178 45
-151 45
-56 45
292 45
673 45
676 45
728 45
934 45
941 45
-551 46
-289 46
97 46
255 46
381 46
933 46
-981 47
-167 47
-121 47
-115 47
316 47
690 47
864 47
-343 48
-89 48
-632 49
-489 49
-260 49
-94 49
-1 49
529 49
776 49
-989 50
-737 50
-297 50
153 50
501 50
0 0
1277 561 1
1013 755 2
25147 8560 1
1609 1572 1
307 38 2
3433 1084 1
139 58 5
1439 1354 1
3041 2137 1
853 808 2
569 133 1
6959 1619 1
3121 2919 1
1283 877 1
89 56 6
1607 1492 2
8053 953 1
4157 1203 1
28517 795 1
9067 5551 1
461 87 4
1181 51 2
4153 2638 1
211 10 5
971 402 1
2647 1693 1
1471 74 1
14627 7542 1
863 210 1
1279 1044 1
569 315 2
6197 1150 1
13003 11692 1
47 42 23
443 412 3
12143 1457 1
587 47 2
2399 985 1
3251 2010 1
17959 4168 1
2339 206 1
5 1 74
59 48 15
9857 5303 1
83 6 12
3691 2811 1
2731 2496 1
3121 309 1
223 156 5
409 362 3
13 1 38
4507 2613 1
4817 2996 1
103 0 7
317 155 3
83 39 4
211 204 5
4289 2985 1
251 132 2
9857 1621 1
18251 17840 1
14939 7854 1
211 210 7
2381 932 1
4721 1390 1
1789 1553 1
2803 1525 1
29 25 22
2111 1418 1
1783 431 1
2089 1323 1
25447 21724 1
3343 2048 1
13709 8043 1
311 90 3
13829 8235 1
269 31 3
823 652 1
569 185 1
3019 1085 1
8629 2718 1
353 301 2
2017 1119 1
12941 6931 1
2657 432 1
1087 119 1
33113 27031 1
2999 1669 1
373 298 2
8963 270 1
34511 32910 1
2791 353 1
6311 611 1
2633 1510 1
2383 1427 1
1753 554 2
14627 8496 1
317 22 5
7243 5219 1
2897 1733 1
1901 186 1
1531 1331 1
839 313 1
1361 1101 1
8093 981 1
21143 17741 1
4337 869 1
1373 1092 1
8431 816 1
83 46 7
347 254 6
673 604 2
3301 1725 1
173 39 8
1699 558 1
5011 2709 1
5749 1985 1
41399 15386 1
1259 284 1
103 37 6
2141 94 1
5039 2673 1
2579 645 1
281 270 3
2857 186 1
3253 2863 1
2333 1973 1
3593 2034 1
263 175 2
7789 3742 1
8971 985 1
1583 1435 2
2309 744 1
4229 2288 1
1249 222 1
61 32 15
3 0 147
2339 1366 2
7 3 48
9923 9308 1
499 89 2
941 119 1
11 6 42
9973 2949 1
7517 2335 1
2609 556 1
1327 1299 1
14543 2119 1
727 122 1
1181 146 2
257 167 6
2971 1778 1
1667 1018 1
1931 830 1
293 125 3
2029 1707 1
2503 272 1
1871 953 1
6637 138 1
857 91 2
937 849 2
10433 8034 1
563 211 1
1783 344 2
631 91 1
821 291 2
349 65 1
17189 9691 1
4003 229 1
9029 1045 1
659 64 1
6841 5256 1
787 247 3
12211 3814 1
8971 6050 1
15727 9615 1
331 6 2
7001 6281 1
2111 617 1
941 141 1
1621 677 1
2423 1643 1
11437 3735 1
1993 187 1
941 150 1
3719 2046 1
577 134 1
1801 1169 1
677 362 2
4637 4121 1
8423 1113 1
47419 25202 1
1733 914 2
2251 1708 1
3821 1646 1
2417 152 1
10079 2964 1
1867 433 1
14923 11403 1
1033 941 2
1747 1673 1
59 7 13
1621 859 1
9781 277 1
59 19 14
1667 1442 2
677 535 1
1033 72 4
983 921 1
1619 237 1
10501 6400 1
809 706 1
5 -1 84
4409 3529 1
13259 11157 1
8039 2324 1
8191 5668 1
71 43 12
5573 5187 1
479 389 3
743 707 2
1733 718 1
929 410 2
1777 1039 1
2153 540 1
103 1 8
2333 106 1
8287 3601 1
60649 31083 1
6553 5496 1
2393 409 1
1069 587 2
1637 1044 1
967 639 2
2741 994 1
37 17 15
739 371 1
41 14 14
2029 1432 1
1201 380 1
131 123 6
739 392 1
16567 4670 1
193 158 5
919 866 1
12251 9331 1
28909 20564 1
2341 2095 1
1721 945 1
2153 740 1
4967 2061 1
5879 266 1
1567 185 1
6571 4502 1
3109 1582 1
743 425 1
1229 889 2
563 478 2
1733 1463 2
109 79 7
1789 358 1
617 141 2
2459 2183 1
6947 827 1
199 78 5
5683 5008 1
499 229 1
607 433 2
5011 4469 1
1033 103 1
251 9 6
4099 355 1
1657 354 2
463 435 2
4937 764 1
5563 4468 1
757 339 1
4937 4494 1
1093 424 1
107 20 7
2377 2268 1
839 475 1
173 70 5
677 638 1
2389 458 1
4241 824 1
3373 2547 1
17041 14795 1
1783 457 2
431 174 5
337 202 2
37691 2781 1
1303 764 1
5737 266 1
421 61 3
18047 5048 1
139 41 6
5849 3292 1
2027 1240 1
2381 143 1
2477 874 1
10211 8576 1
5527 1552 1
11 10 42
881 347 2
23873 16356 1
39419 31369 1
467 284 4
1061 333 1
9829 9376 1
2281 475 2
997 63 2
3671 1353 1
839 717 2
10007 5498 1
19009 15053 1
4943 1801 1
10303 8468 1
5119 1376 1
1123 505 1
3719 385 1
487 296 2
29927 23452 1
431 2 3
3581 1914 1
2029 294 1
1361 1148 1
16061 904 1
12347 11624 1
2609 2546 1
11587 4305 1
14621 8853 1
1103 208 1
509 168 2
433 309 3
499 460 3
173 119 7
6359 1679 1
2473 2164 1
9277 3213 1
4051 2480 1
131 63 5
1693 409 1
2963 2512 1
131 75 7
769 543 1
617 426 2
4987 152 1
6781 2677 1
1949 1677 2
21163 19780 1
1187 1154 2
1697 954 1
1009 942 1
11863 5219 1
521 350 1
1933 1838 2
1063 1001 2
163 75 6
163 78 4
14081 3062 1
5669 1504 1
1163 336 1
6971 3050 1
4463 1621 1
6673 354 1
9839 3641 1
8369 4833 1
1249 859 1
277 184 4
10343 7451 1
79 11 9
1109 346 2
5 3 85
1669 306 1
1973 46 1
641 233 3
39971 33894 1
34949 8564 1
67 56 12
10037 1171 1
919 679 1
3163 507 1
23081 7039 1
2531 813 1
5927 5014 1
317 175 2
1321 918 1
37 3 14
2609 2244 1
15083 12644 1
4219 193 1
37 24 17
1487 282 1
3613 1987 1
4111 2817 1
401 64 3
709 697 1
1301 94 2
2269 1805 1
3931 3781 1
8011 5407 1
449 1 2
241 90 3
3571 2461 1
1153 1001 1
643 195 1
5507 3972 1
21313 9048 1
1669 658 1
5851 4950 1
797 583 1
617 118 2
9973 8564 1
4639 3912 1
1949 851 1
21163 6889 1
3623 2797 1
821 47 2
2 1 92
2237 627 1
5179 714 1
2741 2109 1
827 818 1
743 575 1
5441 2196 1
6079 4477 1
251 4 3
157 32 5
3187 1758 1
653 624 1
29027 12354 1
18617 808 1
9473 3939 1
2207 592 1
36643 6275 1
383 199 3
11801 816 1
379 208 1
271 10 4
9241 6407 1
35089 14669 1
20593 12526 1
3769 1471 1
733 13 2
853 196 2
2069 344 2
193 32 4
523 373 2
2543 722 1
9547 1810 1
701 210 2
2083 1502 2
61 13 11
431 175 4
563 337 2
2389 1909 1
3517 2719 1
139 42 5
1129 556 1
61 40 14
17509 9033 1
1097 226 1
389 140 2
1051 60 2
7 5 199
1489 96 1
11 2 45
4783 2536 1
2377 656 2
2267 714 1
3079 2311 1
419 351 2
2683 1956 1
359 84 2
353 349 1
23 17 29
1249 790 1
4723 4201 1
883 122 2
773 686 1
883 131 2
1993 825 1
5009 3736 1
523 225 3
13933 1239 1
991 862 2
2393 305 1
2647 2198 1
883 670 2
2411 1436 2
6269 6134 1
1367 881 1
853 87 2
4729 2189 1
1321 1227 1
2027 560 1
20939 19679 1
149 108 5
2549 848 2
1709 713 1
761 383 2
887 307 1
239 113 3
26237 8257 1
353 64 3
0 0
