-995 1
-961 1
-826 1
-776 1
-723 1
-720 1
-653 1
-593 1
-569 1
-540 1
-456 1
-321 1
-261 1
-247 1
-240 1
-235 1
-170 1
-135 1
-90 1
-62 1
-39 1
3 1
31 1
32 1
38 1
63 1
74 1
75 1
90 1
103 1
152 1
185 1
206 1
210 1
222 1
243 1
255 1
270 1
320 1
336 1
351 1
354 1
385 1
412 1
424 1
432 1
475 1
558 1
656 1
670 1
677 1
764 1
808 1
816 1
825 1
874 1
953 1
964 1
985 1
-965 2
-871 2
-869 2
-839 2
-827 2
-491 2
-319 2
-281 2
-267 2
-219 2
-105 2
-95 2
-57 2
97 2
247 2
249 2
313 2
471 2
535 2
639 2
735 2
759 2
921 2
-916 3
-880 3
-796 3
-751 3
-662 3
-608 3
-547 3
-532 3
-514 3
-512 3
-509 3
-490 3
-475 3
-466 3
-335 3
-244 3
-92 3
-71 3
-62 3
148 3
184 3
208 3
362 3
529 3
622 3
688 3
743 3
784 3
898 3
-927 4
-863 4
-691 4
-597 4
-575 4
-343 4
-267 4
-265 4
-235 4
-225 4
-41 4
79 4
119 4
519 4
601 4
937 4
-914 5
-831 5
-804 5
-794 5
-709 5
-683 5
-654 5
-613 5
-507 5
-468 5
-456 5
-289 5
-178 5
-177 5
-136 5
-102 5
-66 5
8 5
139 5
174 5
249 5
261 5
304 5
344 5
404 5
497 5
524 5
529 5
547 5
589 5
648 5
673 5
736 5
753 5
851 5
894 5
903 5
-691 6
-395 6
-197 6
-95 6
61 6
305 6
317 6
401 6
499 6
703 6
-951 7
-870 7
-836 7
-643 7
-614 7
-52 7
-32 7
-2 7
59 7
96 7
310 7
341 7
372 7
457 7
487 7
572 7
590 7
737 7
-975 8
-945 8
-775 8
-721 8
-669 8
-331 8
-271 8
-135 8
-63 8
33 8
93 8
99 8
139 8
303 8
493 8
495 8
527 8
561 8
-836 9
-553 9
-356 9
-296 9
-10 9
80 9
332 9
376 9
425 9
451 9
512 9
539 9
647 9
-887 10
-597 10
-571 10
-549 10
-429 10
-391 10
-367 10
-351 10
-271 10
-221 10
-107 10
57 10
103 10
113 10
127 10
163 10
217 10
239 10
281 10
287 10
357 10
-919 11
-904 11
-861 11
-831 11
-676 11
-648 11
-624 11
-519 11
-494 11
-432 11
-354 11
-304 11
-241 11
-112 11
-54 11
-53 11
38 11
43 11
69 11
203 11
256 11
313 11
321 11
368 11
496 11
509 11
562 11
563 11
728 11
933 11
-227 12
-193 12
-173 12
-155 12
347 12
583 12
935 12
-990 13
-857 13
-808 13
-577 13
-502 13
-441 13
-369 13
-309 13
-185 13
-168 13
-166 13
-120 13
58 13
122 13
170 13
198 13
268 13
334 13
412 13
591 13
730 13
733 13
828 13
929 13
953 13
-955 14
-683 14
-435 14
-355 14
-225 14
15 14
71 14
177 14
319 14
395 14
499 14
-776 15
-404 15
-383 15
-317 15
-268 15
-217 15
-176 15
-128 15
-116 15
74 15
292 15
404 15
437 15
692 15
754 15
901 15
-971 16
-907 16
-555 16
-365 16
-301 16
-249 16
119 16
157 16
461 16
779 16
879 16
927 16
-989 17
-837 17
-619 17
-559 17
-541 17
-363 17
-338 17
-313 17
-273 17
-48 17
19 17
65 17
268 17
309 17
367 17
419 17
433 17
515 17
618 17
620 17
772 17
894 17
991 17
-827 18
-425 18
-91 18
-85 18
25 18
415 18
419 18
769 18
-668 19
-393 19
-232 19
-220 19
-216 19
-60 19
14 19
27 19
59 19
84 19
102 19
174 19
192 19
303 19
336 19
773 19
858 19
997 19
-433 20
-207 20
-161 20
7 20
321 20
407 20
527 20
579 20
651 20
743 20
-743 21
-460 21
104 21
505 21
817 21
827 21
859 21
-987 22
-905 22
425 22
479 22
581 22
639 22
-865 23
-751 23
-726 23
-692 23
-670 23
-627 23
-534 23
-533 23
-312 23
-300 23
-204 23
140 23
142 23
220 23
402 23
477 23
546 23
550 23
673 23
885 23
886 23
949 23
995 23
-497 24
-245 24
65 24
79 24
775 24
815 24
-708 25
-594 25
-334 25
-239 25
-142 25
56 25
97 25
101 25
111 25
128 25
181 25
261 25
433 25
482 25
513 25
578 25
586 25
602 25
606 25
912 25
-363 26
-235 26
-57 26
123 26
557 26
599 26
643 26
721 26
991 26
-887 27
-871 27
-844 27
-313 27
-295 27
-179 27
-178 27
-83 27
373 27
470 27
923 27
135 28
575 28
629 28
-821 29
-615 29
-528 29
-527 29
-343 29
-185 29
-132 29
-10 29
8 29
62 29
89 29
257 29
585 29
743 29
765 29
983 29
988 29
-673 30
-353 30
-343 30
-79 30
229 30
-810 31
-748 31
-661 31
-636 31
-584 31
-536 31
-474 31
-307 31
-9 31
214 31
253 31
370 31
668 31
-917 32
-869 32
-323 32
-71 32
201 32
281 32
341 32
721 32
769 32
859 32
-647 33
-640 33
-632 33
-610 33
298 33
824 33
994 33
653 34
785 34
911 34
-876 35
-492 35
-472 35
-344 35
-233 35
-213 35
-43 35
-19 35
211 35
342 35
388 35
687 35
796 35
271 36
-718 37
-614 37
-425 37
-235 37
-165 37
-103 37
234 37
418 37
577 37
603 37
605 37
954 37
984 37
-913 38
-825 38
-357 38
-67 38
789 38
-743 39
-568 39
-350 39
-263 39
-148 39
-134 39
166 39
184 39
443 39
737 39
760 39
-673 40
109 40
-52 41
-12 41
332 41
456 41
774 41
948 41
-415 42
-1 42
755 42
989 42
-987 43
-835 43
-778 43
-707 43
-685 43
-406 43
-366 43
-240 43
-232 43
-103 43
18 43
145 43
155 43
168 43
255 43
412 43
669 43
803 43
-923 44
-775 44
-281 44
167 44
325 44
329 44
357 44
651 44
-317 45
-178 45
-151 45
626 45
934 45
97 46
933 46
971 46
-981 47
-928 47
-696 47
-167 47
316 47
388 47
690 47
741 47
864 47
-343 48
107 48
163 48
-659 49
-358 49
-260 49
-193 49
-94 49
-1 49
529 49
600 49
776 49
-989 50
-981 50
-849 50
-737 50
-297 50
571 50
0 0
1277 561 2
1013 755 1
11953 3215 1
11321 6712 1
39359 9635 1
1609 1572 1
307 38 2
139 58 7
8623 981 1
1759 1457 1
1439 1354 1
3407 1397 1
3041 2137 1
1091 412 1
853 808 2
569 133 2
6959 1619 1
3121 2919 1
1283 877 1
1579 1534 1
3083 1839 1
6661 5856 1
89 56 10
1607 1492 1
8053 953 1
2903 1889 1
8467 6562 1
461 87 3
1181 51 1
8171 4625 1
4153 2638 1
211 10 7
971 402 2
2647 1693 1
1471 74 1
45307 36716 1
863 210 1
1279 1044 1
6277 2301 1
569 315 1
6197 1150 1
13003 11692 1
5659 3720 1
47 42 18
443 412 2
3581 928 1
2633 592 1
2099 334 1
587 47 1
2399 985 1
3251 2010 1
17959 4168 1
16481 1255 1
2339 206 1
5 1 83
59 48 14
5801 3132 1
9857 5303 1
83 6 15
3691 2811 1
2731 2496 1
3121 309 1
223 156 4
409 362 4
4219 1030 1
13 1 38
4507 2613 1
18149 11834 1
4817 2996 1
103 0 9
317 155 4
83 39 4
211 204 4
4289 2985 1
251 132 3
18251 17840 1
211 210 7
2381 932 1
10193 5933 1
1789 1553 1
5297 3642 1
2803 1525 1
29 25 20
30469 9052 1
2111 1418 1
1783 431 1
2089 1323 1
25447 21724 1
3343 2048 1
311 90 4
13829 8235 1
269 31 3
823 652 1
1627 466 1
569 185 1
3019 1085 1
5501 1422 1
1847 871 1
8629 2718 1
353 301 4
1201 430 1
2017 1119 1
12941 6931 1
2657 432 1
3463 2297 1
1087 119 2
33113 27031 1
373 298 3
8963 270 1
2791 353 1
2633 1510 2
7877 4270 1
3259 594 1
2383 1427 1
1753 554 1
1297 1203 2
317 22 3
7243 5219 1
28309 22271 1
1901 186 1
1531 1331 1
839 313 1
21143 17741 1
4337 869 1
6199 1464 1
1373 1092 1
6803 6371 1
8431 816 1
83 46 8
347 254 4
673 604 2
3301 1725 1
173 39 6
1699 558 2
5749 1985 1
1259 284 1
7639 6146 1
103 37 6
2141 94 1
5039 2673 1
2579 645 1
281 270 4
2857 186 1
263 175 3
7789 3742 1
8971 985 1
1583 1435 1
2309 744 2
4229 2288 1
1249 222 2
61 32 15
3 0 166
7 3 51
9923 9308 1
499 89 2
941 119 1
11 6 45
1427 74 1
9973 2949 1
1523 320 1
7517 2335 1
1327 1299 1
727 122 2
12073 8310 1
4957 1511 1
1181 146 1
257 167 4
2971 1778 1
6043 863 1
2083 840 1
4261 3351 2
21187 8344 1
1873 1188 1
293 125 4
8839 3500 1
2503 272 1
1871 953 1
857 91 1
937 849 3
7879 5528 1
563 211 3
1783 344 1
631 91 1
821 291 2
349 65 3
9029 1045 1
659 64 1
6841 5256 1
787 247 1
8971 6050 1
15727 9615 1
331 6 3
7001 6281 1
941 141 2
1621 677 1
2423 1643 1
941 150 1
16573 12331 1
577 134 4
3583 2920 1
919 463 1
677 362 2
47419 25202 1
1733 914 1
2251 1708 1
5749 4062 1
4259 3087 1
3821 1646 1
2417 152 1
10079 2964 1
5119 882 1
1867 433 1
1033 941 1
48679 42874 1
1747 1673 1
59 7 11
1621 859 1
9781 277 1
2011 1491 1
59 19 15
5147 1763 1
1667 1442 1
677 535 1
1033 72 2
983 921 2
1619 237 1
10501 6400 1
809 706 3
5 -1 91
13259 11157 1
8039 2324 1
8191 5668 1
71 43 10
5573 5187 1
479 389 5
743 707 2
929 410 2
1777 1039 1
2153 540 2
103 1 9
2333 106 1
60649 31083 1
2393 409 1
8287 401 1
1069 587 2
1637 1044 1
2741 994 1
37 17 13
12893 4128 1
739 371 1
41 14 12
5669 4174 1
1201 380 1
1931 1478 1
131 123 5
739 392 1
193 158 5
919 866 2
4481 2603 1
15551 14331 1
2341 2095 1
1721 945 1
2153 740 1
4967 2061 1
1567 185 1
6571 4502 1
3109 1582 1
743 425 1
1229 889 2
563 478 2
1733 1463 1
109 79 8
1789 358 2
617 141 1
4657 3643 1
6577 2472 1
6947 827 1
199 78 4
499 229 1
607 433 2
1033 103 1
1301 811 1
251 9 6
4099 355 1
1657 354 2
463 435 2
4937 764 1
2383 1970 1
5563 4468 1
757 339 1
1093 424 1
107 20 8
2377 2268 1
839 475 3
173 70 3
677 638 2
4241 824 1
3373 2547 1
5261 1939 1
1783 457 1
431 174 5
337 202 3
37691 2781 1
1303 764 1
421 61 2
2153 1143 1
3631 2651 1
8609 5858 1
139 41 6
5849 3292 1
2027 1240 1
2381 143 1
2477 874 1
10211 8576 1
5527 1552 1
11 10 44
18451 2218 1
23873 16356 1
5279 421 1
7417 3510 1
39419 31369 1
3617 3479 1
1861 1540 1
467 284 4
8009 6137 1
1061 333 1
1889 1507 1
2281 475 1
997 63 3
3671 1353 1
839 717 1
10007 5498 1
4943 1801 1
11927 7542 1
10303 8468 1
5119 1376 1
3719 385 1
487 296 3
431 2 2
3919 1225 1
3581 1914 2
2029 294 1
12347 11624 1
7001 584 1
1103 208 1
509 168 3
3529 2561 1
433 309 3
3989 3728 1
499 460 2
4673 650 1
4133 1053 1
10477 6585 1
173 119 7
2749 38 1
2473 2164 1
9277 3213 1
4051 2480 1
131 63 8
1693 409 1
131 75 9
769 543 1
617 426 1
4987 152 1
6781 2677 1
1949 1677 2
17827 9842 1
1187 1154 2
1697 954 1
1009 942 1
11131 10810 1
521 350 1
1063 1001 1
163 75 6
163 78 5
5669 1504 1
739 523 2
1163 336 1
6971 3050 1
4463 1621 1
6673 354 1
9839 3641 1
8369 4833 1
10243 3996 1
1249 859 1
5981 1277 1
277 184 3
10343 7451 1
79 11 6
1109 346 2
5 3 77
1669 306 1
1667 1074 1
641 233 3
67 56 10
38219 33759 1
10037 1171 1
919 679 3
3163 507 1
2531 813 1
317 175 3
1321 918 1
37 3 18
2657 231 1
12517 9239 1
7103 2022 1
2347 1268 1
2609 2244 1
29629 7008 1
4219 193 1
37 24 18
1487 282 1
3613 1987 1
4111 2817 1
401 64 1
3943 1435 1
1301 94 3
2269 1805 1
3931 3781 1
449 1 2
241 90 4
8807 8448 1
3571 2461 1
1153 1001 2
643 195 1
1669 658 1
797 583 1
617 118 2
8377 4313 1
3623 2797 1
821 47 2
3371 2065 1
2 1 99
2339 1489 1
2237 627 1
5179 714 1
9281 6668 1
827 818 3
743 575 1
5441 2196 1
2287 302 1
6079 4477 1
4463 2179 1
2657 1485 1
251 4 4
157 32 8
3187 1758 1
6473 4210 1
653 624 1
18617 808 1
4093 2440 1
2207 592 1
20389 9775 1
36643 6275 1
1753 1104 1
11801 816 1
379 208 2
18539 5959 1
271 10 4
9241 6407 1
35089 14669 1
20593 12526 1
12433 1052 1
14983 3070 1
3769 1471 1
733 13 2
9341 7141 1
853 196 1
2069 344 1
821 768 1
193 32 2
523 373 2
2543 722 1
701 210 3
2083 1502 3
3917 3556 1
61 13 11
30307 18491 1
431 175 3
5527 5229 1
563 337 2
3517 2719 1
1499 316 1
139 42 6
1129 556 1
61 40 13
16001 4114 1
389 140 4
13907 8791 1
1051 60 1
7 5 217
1489 96 1
11 2 45
4783 2536 1
16831 8256 1
2377 656 3
2267 714 1
12601 1241 1
419 351 2
2683 1956 1
359 84 3
353 349 2
1009 31 2
23 17 27
1249 790 1
883 122 1
773 686 2
883 131 1
1993 825 1
5009 3736 1
523 225 1
4139 3920 1
13933 1239 1
991 862 1
2647 2198 1
883 670 2
2411 1436 1
6269 6134 1
11839 9640 1
1367 881 1
523 249 1
4729 2189 1
1321 1227 1
2027 560 1
8887 7032 1
20939 19679 1
149 108 4
2549 848 2
1709 713 1
761 383 1
887 307 1
239 113 4
2137 1544 2
19421 1195 1
26237 8257 1
353 64 5
0 0
