-996 1
-995 1
-968 1
-929 1
-898 1
-880 1
-850 1
-826 1
-776 1
-766 1
-727 1
-723 1
-720 1
-642 1
-593 1
-569 1
-540 1
-480 1
-478 1
-453 1
-448 1
-443 1
-384 1
-347 1
-282 1
-240 1
-235 1
-171 1
-142 1
-135 1
-122 1
-39 1
24 1
32 1
38 1
61 1
71 1
74 1
90 1
96 1
123 1
143 1
152 1
206 1
210 1
344 1
351 1
385 1
412 1
424 1
433 1
461 1
516 1
556 1
592 1
638 1
670 1
718 1
764 1
794 1
808 1
816 1
825 1
859 1
868 1
874 1
928 1
-965 2
-947 2
-871 2
-869 2
-491 2
-333 2
-253 2
-219 2
-105 2
-95 2
247 2
407 2
457 2
471 2
557 2
639 2
781 2
809 2
-991 3
-796 3
-751 3
-662 3
-532 3
-514 3
-490 3
-475 3
-356 3
-232 3
-95 3
-62 3
-8 3
8 3
35 3
88 3
184 3
301 3
362 3
388 3
415 3
533 3
688 3
784 3
902 3
-927 4
-693 4
-633 4
-597 4
-575 4
-359 4
-343 4
-239 4
-103 4
-41 4
45 4
119 4
271 4
303 4
357 4
405 4
413 4
601 4
843 4
937 4
-948 5
-914 5
-861 5
-849 5
-831 5
-709 5
-673 5
-654 5
-652 5
-507 5
-497 5
-468 5
-456 5
-368 5
-289 5
-221 5
-187 5
-177 5
-136 5
-122 5
-102 5
-99 5
-63 5
-24 5
8 5
86 5
88 5
93 5
127 5
139 5
174 5
187 5
229 5
261 5
279 5
294 5
304 5
344 5
404 5
448 5
497 5
529 5
589 5
714 5
894 5
903 5
-871 6
-823 6
-691 6
-395 6
-305 6
-265 6
-197 6
-151 6
-131 6
305 6
317 6
401 6
499 6
703 6
-951 7
-874 7
-870 7
-846 7
-836 7
-640 7
-614 7
-496 7
-331 7
-311 7
-214 7
-187 7
-52 7
-2 7
59 7
165 7
204 7
341 7
372 7
457 7
944 7
964 7
-975 8
-785 8
-669 8
-457 8
-331 8
-215 8
-135 8
33 8
99 8
495 8
527 8
561 8
577 8
-836 9
-553 9
-470 9
-356 9
-296 9
-181 9
-106 9
133 9
376 9
425 9
451 9
512 9
970 9
-929 10
-887 10
-713 10
-571 10
-429 10
-409 10
-391 10
-367 10
-271 10
-221 10
57 10
99 10
103 10
127 10
279 10
793 10
-939 11
-919 11
-904 11
-831 11
-805 11
-694 11
-648 11
-624 11
-519 11
-438 11
-112 11
-92 11
-53 11
38 11
43 11
64 11
256 11
260 11
313 11
321 11
496 11
562 11
816 11
933 11
-437 12
-227 12
-193 12
-173 12
-155 12
-817 13
-808 13
-655 13
-441 13
-309 13
-252 13
-166 13
-146 13
-35 13
112 13
122 13
138 13
170 13
198 13
334 13
412 13
552 13
591 13
698 13
733 13
746 13
779 13
828 13
941 13
953 13
-955 14
-683 14
-355 14
-225 14
71 14
157 14
395 14
499 14
731 14
927 14
-776 15
-674 15
-383 15
-317 15
-251 15
-217 15
-176 15
-151 15
-128 15
74 15
353 15
404 15
407 15
439 15
508 15
754 15
901 15
907 15
929 15
-971 16
-907 16
-637 16
-439 16
-365 16
-301 16
-187 16
19 16
105 16
157 16
461 16
779 16
879 16
941 16
-989 17
-978 17
-837 17
-707 17
-559 17
-541 17
-363 17
-359 17
-313 17
-50 17
-48 17
65 17
120 17
226 17
268 17
309 17
419 17
465 17
502 17
772 17
803 17
894 17
949 17
-91 18
-85 18
-71 18
25 18
79 18
415 18
419 18
781 18
-841 19
-701 19
-668 19
-465 19
-424 19
-295 19
-264 19
-232 19
-216 19
-164 19
-60 19
8 19
27 19
59 19
84 19
102 19
192 19
249 19
288 19
303 19
320 19
336 19
504 19
686 19
726 19
858 19
990 19
-623 20
-261 20
-161 20
-33 20
-19 20
7 20
321 20
431 20
527 20
579 20
651 20
743 20
-62 21
-17 21
-13 21
104 21
356 21
817 21
859 21
920 21
-987 22
-137 22
425 22
477 22
581 22
639 22
-985 23
-867 23
-797 23
-751 23
-726 23
-692 23
-534 23
-312 23
-300 23
-47 23
73 23
182 23
220 23
231 23
330 23
477 23
515 23
538 23
550 23
673 23
829 23
885 23
982 23
983 23
995 23
-601 24
-497 24
79 24
347 24
775 24
-708 25
-594 25
-142 25
-4 25
97 25
101 25
128 25
261 25
272 25
578 25
586 25
602 25
606 25
862 25
912 25
957 25
-525 26
-235 26
-229 26
-57 26
123 26
557 26
643 26
721 26
991 26
-887 27
-871 27
-844 27
-760 27
-637 27
-313 27
-229 27
-178 27
-83 27
296 27
448 27
911 27
923 27
135 28
373 28
575 28
629 28
-821 29
-811 29
-780 29
-678 29
-411 29
-185 29
-170 29
-149 29
-121 29
-104 29
8 29
194 29
257 29
585 29
772 29
948 29
983 29
988 29
-343 30
-79 30
997 30
-991 31
-810 31
-748 31
-692 31
-661 31
-636 31
-536 31
-474 31
-307 31
-230 31
-9 31
214 31
253 31
370 31
474 31
668 31
824 31
-917 32
-71 32
281 32
337 32
341 32
383 32
769 32
-640 33
-632 33
-610 33
-304 33
298 33
709 33
-499 34
-215 34
107 34
403 34
653 34
681 34
-696 35
-667 35
-492 35
-472 35
-344 35
-213 35
-43 35
-19 35
211 35
323 35
541 35
-718 37
-598 37
-466 37
-235 37
-104 37
-103 37
-27 37
505 37
577 37
605 37
835 37
984 37
-913 38
169 38
283 38
547 38
789 38
987 38
-563 39
-440 39
-385 39
-350 39
166 39
184 39
443 39
509 39
737 39
859 39
-853 40
-833 40
-753 40
-673 40
-393 40
109 40
441 40
-698 41
-427 41
-52 41
-49 41
-12 41
228 41
455 41
456 41
458 41
641 41
906 41
-415 42
-1 42
755 42
989 42
-786 43
-778 43
-707 43
-406 43
-372 43
-277 43
-240 43
-67 43
18 43
120 43
155 43
168 43
218 43
277 43
427 43
618 43
669 43
803 43
-281 44
167 44
325 44
329 44
431 44
-178 45
-151 45
131 45
728 45
904 45
941 45
-551 46
97 46
255 46
455 46
933 46
971 46
-981 47
-928 47
-696 47
-167 47
-121 47
-115 47
172 47
316 47
388 47
622 47
690 47
741 47
864 47
-343 48
-659 49
-519 49
-358 49
-260 49
-94 49
-989 50
-981 50
-849 50
-737 50
153 50
487 50
501 50
0 0
1013 755 1
11321 6712 1
1301 19 1
25147 8560 1
1609 1572 1
307 38 2
139 58 5
1439 1354 2
3407 1397 1
3041 2137 1
1091 412 1
853 808 2
569 133 2
6959 1619 1
3121 2919 1
1283 877 2
6661 5856 1
89 56 10
1607 1492 1
31319 21632 1
8467 6562 1
461 87 4
1181 51 1
8171 4625 1
4153 2638 1
211 10 6
971 402 2
1471 74 1
45307 36716 1
14627 7542 1
863 210 2
1279 1044 2
569 315 2
6197 1150 1
47 42 17
5087 1477 1
443 412 1
3581 928 1
12143 1457 1
2633 592 1
587 47 2
2399 985 1
5897 5655 1
3251 2010 1
16481 1255 1
2339 206 1
5 1 91
59 48 12
9857 5303 1
83 6 12
3691 2811 1
2731 2496 1
3121 309 1
223 156 4
409 362 4
4219 1030 1
4159 1141 1
13 1 42
4507 2613 1
18149 11834 1
4817 2996 1
103 0 7
317 155 3
83 39 4
211 204 4
4289 2985 1
251 132 2
9857 1621 1
18251 17840 1
14939 7854 1
211 210 8
2381 932 1
13381 12533 1
10193 5933 1
1789 1553 1
2803 1525 1
29 25 20
2579 1138 1
30469 9052 1
1783 431 1
2089 1323 1
25447 21724 1
3343 2048 1
5801 2427 1
13709 8043 1
311 90 4
13829 8235 1
269 31 5
823 652 2
1627 466 1
569 185 1
3121 143 1
5501 1422 1
1847 871 1
8629 2718 1
353 301 3
1993 1667 2
2017 1119 1
2657 432 1
21787 5325 1
1087 119 2
2999 1669 1
373 298 2
2791 353 1
2633 1510 2
7877 4270 1
3259 594 1
2383 1427 1
1753 554 1
1297 1203 1
14627 8496 1
8963 794 1
317 22 3
7243 5219 1
28309 22271 1
1901 186 1
839 313 2
1361 1101 1
21143 17741 1
4337 869 1
6199 1464 1
6803 6371 1
8431 816 1
83 46 6
347 254 4
673 604 1
3301 1725 1
173 39 7
1699 558 1
5011 2709 1
5749 1985 1
41399 15386 1
1613 71 1
1259 284 1
7639 6146 1
103 37 7
2141 94 2
9403 3959 1
5039 2673 1
281 270 4
9209 3789 1
2333 1973 1
3593 2034 1
12277 7509 1
263 175 4
23057 16005 1
8971 985 1
1583 1435 1
2309 744 1
12689 8373 1
4229 2288 1
1249 222 1
61 32 12
3 0 154
2339 1366 1
7 3 50
9923 9308 1
499 89 3
11 6 44
1427 74 1
9973 2949 1
2609 556 1
1327 1299 1
1451 71 1
727 122 2
12073 8310 1
1181 146 3
257 167 7
6043 863 1
4261 3351 1
21187 8344 1
1873 1188 1
293 125 3
2503 272 1
857 91 3
937 849 3
3557 1077 1
10433 8034 1
7879 5528 1
563 211 2
1783 344 2
631 91 2
821 291 3
349 65 3
9029 1045 1
659 64 2
35419 7642 1
6841 5256 1
787 247 1
15727 9615 1
331 6 2
7001 6281 1
27551 24703 1
2111 617 1
1621 677 2
2423 1643 1
11437 3735 1
1993 187 1
941 150 1
3719 2046 1
577 134 4
1801 1169 2
3583 2920 1
4973 3286 1
677 362 2
4637 4121 1
8423 1113 1
47419 25202 1
5749 4062 1
3821 1646 1
2417 152 1
5119 882 1
1867 433 1
14923 11403 1
1033 941 2
48679 42874 1
1747 1673 1
59 7 15
1621 859 1
9781 277 1
2011 1491 1
59 19 13
2557 1734 1
1667 1442 2
677 535 1
1033 72 2
983 921 1
1619 237 1
9067 1489 1
8297 5994 1
10501 6400 1
809 706 2
5 -1 99
13219 8913 1
977 695 1
4409 3529 1
13259 11157 1
8039 2324 1
8191 5668 1
71 43 14
5573 5187 1
479 389 3
743 707 3
1733 718 1
929 410 2
11383 718 1
2357 960 1
1777 1039 2
2153 540 1
103 1 7
2333 106 1
8287 3601 1
6553 5496 1
2393 409 1
8287 401 1
2633 2186 1
1069 587 3
13807 12210 1
1637 1044 1
967 639 2
37 17 19
739 371 1
41 14 19
5669 4174 1
2029 1432 1
1201 380 1
1931 1478 2
131 123 8
739 392 1
16567 4670 1
193 158 8
919 866 1
4481 2603 1
15551 14331 1
2341 2095 1
1721 945 1
4967 2061 1
1567 185 1
26863 9883 1
3109 1582 1
743 425 1
4297 2677 1
1229 889 2
563 478 2
1733 1463 1
109 79 8
1789 358 2
617 141 2
4657 3643 1
2459 2183 1
6947 827 1
199 78 5
499 229 2
607 433 3
11731 1551 1
5011 4469 1
1033 103 1
1301 811 1
251 9 7
1657 354 1
463 435 2
4937 764 1
2383 1970 1
5563 4468 1
757 339 1
9473 7668 1
4937 4494 1
1093 424 1
107 20 7
5779 2587 1
2377 2268 1
839 475 2
173 70 6
677 638 2
2389 458 1
4241 824 1
3373 2547 1
1783 457 2
431 174 5
337 202 3
1303 764 1
20747 19897 1
421 61 2
2153 1143 1
3631 2651 1
8609 5858 1
139 41 6
2027 1240 1
2381 143 1
2477 874 1
10211 8576 1
11 10 43
18451 2218 1
881 347 2
23873 16356 1
1217 822 1
5279 421 1
39419 31369 1
3617 3479 1
467 284 3
8009 6137 1
1061 333 2
9829 9376 1
997 63 2
3671 1353 1
839 717 2
10007 5498 1
4943 1801 1
10303 8468 1
5119 1376 1
1123 505 1
3719 385 1
487 296 2
431 2 3
3581 1914 1
5039 3461 1
2029 294 1
12347 11624 1
47129 19919 1
11587 4305 1
7001 584 1
1103 208 2
509 168 3
9277 2671 1
3529 2561 1
433 309 2
4093 214 1
3989 3728 1
499 460 2
4673 650 1
10477 6585 1
173 119 5
12527 1099 1
6359 1679 1
2749 38 1
9277 3213 1
4051 2480 1
131 63 6
1693 409 1
2963 2512 1
131 75 6
769 543 2
617 426 2
4987 152 1
6781 2677 1
1321 24 1
1553 1301 1
1949 1677 2
17827 9842 1
1187 1154 1
2377 1993 1
1697 954 1
1009 942 2
11863 5219 1
521 350 2
14723 4905 1
1933 1838 2
163 75 6
163 78 4
739 523 1
1163 336 1
6971 3050 1
4463 1621 1
9839 3641 1
8369 4833 1
10243 3996 1
1249 859 1
19913 7178 1
5981 1277 1
277 184 3
10343 7451 1
79 11 8
1109 346 1
5 3 77
1669 306 1
1667 1074 1
641 233 4
39971 33894 1
4007 2940 1
34949 8564 1
67 56 12
10037 1171 1
919 679 1
3163 507 1
23081 7039 1
24391 8567 1
2531 813 1
317 175 2
1321 918 1
8963 8389 1
5279 2513 1
37 3 19
2657 231 1
12517 9239 1
7103 2022 1
2347 1268 1
2609 2244 1
9173 5752 1
4219 193 1
37 24 20
1487 282 1
3613 1987 1
4111 2817 1
401 64 1
3943 1435 1
709 697 1
1301 94 2
2269 1805 2
449 1 3
241 90 3
8807 8448 1
3571 2461 1
1153 1001 1
643 195 2
5507 3972 1
1669 658 1
617 118 2
4639 3912 1
21163 6889 1
3623 2797 1
821 47 2
2 1 104
14923 5797 1
2339 1489 1
2237 627 2
5179 714 1
9281 6668 1
827 818 3
743 575 1
5441 2196 1
2287 302 1
32321 16565 1
6079 4477 1
4463 2179 1
251 4 4
157 32 8
653 624 1
18617 808 1
9473 3939 1
2207 592 1
1753 1104 1
383 199 2
11801 816 1
379 208 2
26161 17690 1
18539 5959 1
271 10 4
9241 6407 1
733 13 2
853 196 1
2069 344 2
821 768 1
193 32 3
523 373 3
2543 722 1
9547 1810 1
701 210 2
2083 1502 2
15269 2629 1
61 13 12
30307 18491 1
431 175 2
563 337 1
1787 1369 1
2389 1909 1
3517 2719 1
1499 316 1
5011 4703 1
139 42 2
1129 556 1
61 40 13
16001 4114 1
17509 9033 1
1097 226 1
9929 8137 1
389 140 3
13907 8791 1
1051 60 2
7 5 194
1489 96 1
11 2 45
4783 2536 1
2377 656 2
2267 714 1
3079 2311 1
12601 1241 1
419 351 1
2683 1956 1
359 84 2
353 349 1
1009 31 2
23 17 32
1249 790 1
883 122 1
773 686 1
10601 2818 1
883 131 1
1993 825 1
5009 3736 1
523 225 2
991 862 1
2647 2198 1
883 670 2
2411 1436 1
6269 6134 1
11839 9640 1
1367 881 1
523 249 1
853 87 1
1321 1227 1
8887 7032 1
20939 19679 1
149 108 5
2549 848 2
1709 713 1
761 383 2
3779 1228 1
887 307 1
239 113 3
2137 1544 1
19421 1195 1
353 64 3
0 0
