-996 1
-968 1
-929 1
-880 1
-874 1
-826 1
-821 1
-797 1
-723 1
-653 1
-642 1
-593 1
-540 1
-522 1
-480 1
-456 1
-453 1
-449 1
-429 1
-360 1
-247 1
-240 1
-213 1
-171 1
-170 1
-142 1
-135 1
-122 1
-88 1
-67 1
-62 1
-52 1
3 1
10 1
31 1
38 1
46 1
61 1
63 1
71 1
74 1
87 1
89 1
90 1
103 1
143 1
152 1
185 1
206 1
229 1
255 1
284 1
320 1
336 1
344 1
346 1
354 1
362 1
385 1
412 1
433 1
461 1
516 1
556 1
572 1
592 1
718 1
764 1
794 1
824 1
859 1
928 1
953 1
985 1
-871 2
-869 2
-827 2
-645 2
-333 2
-319 2
-281 2
-267 2
97 2
247 2
313 2
407 2
471 2
535 2
557 2
639 2
759 2
781 2
921 2
-880 3
-856 3
-796 3
-769 3
-662 3
-547 3
-532 3
-509 3
-244 3
-194 3
-95 3
-92 3
-62 3
-8 3
8 3
35 3
148 3
184 3
199 3
208 3
281 3
301 3
388 3
529 3
533 3
604 3
622 3
688 3
743 3
809 3
898 3
-927 4
-863 4
-693 4
-691 4
-597 4
-575 4
-239 4
-235 4
-225 4
-103 4
119 4
271 4
343 4
357 4
413 4
937 4
-849 5
-831 5
-794 5
-709 5
-683 5
-613 5
-507 5
-497 5
-177 5
-99 5
-66 5
9 5
93 5
127 5
174 5
187 5
249 5
261 5
279 5
288 5
294 5
304 5
404 5
497 5
524 5
529 5
589 5
648 5
673 5
903 5
949 5
-395 6
-359 6
-131 6
-97 6
-95 6
61 6
401 6
619 6
691 6
703 6
-951 7
-846 7
-824 7
-643 7
-640 7
-599 7
-496 7
-187 7
-90 7
-52 7
-32 7
59 7
88 7
96 7
110 7
148 7
310 7
457 7
590 7
737 7
-975 8
-927 8
-785 8
-691 8
-559 8
-457 8
-271 8
-215 8
-175 8
93 8
99 8
493 8
495 8
527 8
577 8
-754 9
-356 9
-296 9
-254 9
-158 9
-106 9
-10 9
80 9
332 9
970 9
-597 10
-549 10
-391 10
-367 10
57 10
113 10
127 10
163 10
217 10
357 10
563 10
827 10
-919 11
-861 11
-831 11
-805 11
-772 11
-676 11
-648 11
-642 11
-494 11
-432 11
-354 11
-197 11
-179 11
-112 11
-54 11
38 11
43 11
260 11
313 11
816 11
882 11
933 11
-227 12
583 12
-990 13
-857 13
-808 13
-577 13
-502 13
-465 13
-441 13
-369 13
-340 13
-252 13
-166 13
-146 13
58 13
112 13
120 13
122 13
138 13
170 13
268 13
334 13
412 13
552 13
698 13
779 13
828 13
953 13
-683 14
-435 14
-355 14
15 14
157 14
319 14
-404 15
-383 15
-268 15
-251 15
-217 15
-176 15
-116 15
74 15
392 15
404 15
418 15
508 15
692 15
907 15
-971 16
-555 16
-503 16
-439 16
-301 16
-187 16
105 16
255 16
757 16
779 16
879 16
927 16
-989 17
-978 17
-707 17
-619 17
-363 17
-338 17
-313 17
65 17
162 17
226 17
491 17
515 17
620 17
687 17
772 17
894 17
949 17
959 17
991 17
-959 18
-827 18
-673 18
-425 18
-91 18
-85 18
-71 18
25 18
79 18
199 18
-880 19
-841 19
-465 19
-430 19
-424 19
-393 19
-264 19
-232 19
-216 19
8 19
14 19
36 19
192 19
223 19
225 19
249 19
320 19
445 19
552 19
686 19
997 19
-261 20
-207 20
-161 20
321 20
407 20
527 20
743 20
-743 21
104 21
505 21
817 21
827 21
859 21
-711 22
-469 22
-157 22
-141 22
431 22
581 22
-985 23
-867 23
-797 23
-751 23
-726 23
-692 23
-670 23
-627 23
-534 23
-533 23
-348 23
-300 23
-47 23
73 23
142 23
220 23
432 23
477 23
885 23
886 23
-601 24
-245 24
65 24
-708 25
-456 25
-334 25
-239 25
-157 25
-142 25
-4 25
11 25
56 25
97 25
101 25
181 25
272 25
433 25
482 25
578 25
606 25
777 25
798 25
957 25
-229 26
-57 26
123 26
557 26
-896 27
-295 27
-229 27
-178 27
373 27
448 27
923 27
-19 28
373 28
-969 29
-678 29
-615 29
-528 29
-527 29
-343 29
-149 29
-10 29
3 29
6 29
26 29
123 29
259 29
273 29
765 29
859 29
867 29
983 29
988 29
-343 30
-79 30
997 30
-991 31
-810 31
-692 31
-661 31
-547 31
-307 31
-268 31
-9 31
370 31
474 31
668 31
824 31
-917 32
-869 32
201 32
341 32
383 32
721 32
769 32
821 32
-640 33
-610 33
-449 33
298 33
824 33
994 33
-865 34
-669 34
107 34
403 34
911 34
-233 35
-192 35
-43 35
388 35
541 35
687 35
341 36
353 36
-718 37
-614 37
-425 37
-104 37
-103 37
192 37
255 37
505 37
577 37
-913 38
-375 38
-357 38
789 38
-743 39
-563 39
-440 39
-148 39
-134 39
166 39
508 39
737 39
760 39
859 39
-833 40
-673 40
-393 40
332 41
458 41
490 41
774 41
948 41
-996 43
-835 43
-778 43
-557 43
-475 43
-277 43
-240 43
-103 43
145 43
155 43
179 43
218 43
390 43
427 43
704 43
803 43
-923 44
-565 44
57 44
325 44
329 44
651 44
-56 45
73 45
626 45
676 45
901 45
941 45
-289 46
265 46
381 46
-981 47
-928 47
-167 47
-121 47
-115 47
316 47
388 47
864 47
-343 48
-89 48
107 48
-489 49
-358 49
-260 49
-193 49
-94 49
-1 49
600 49
989 49
-849 50
-737 50
153 50
487 50
571 50
0 0
1277 561 1
1013 755 1
11953 3215 1
11321 6712 1
1301 19 1
14759 13401 1
25147 8560 1
39359 9635 1
1609 1572 1
307 38 2
139 58 6
2741 572 1
1759 1457 1
1439 1354 2
3041 2137 1
1091 412 1
853 808 1
569 133 1
6959 1619 1
3121 2919 1
1283 877 1
6661 5856 1
89 56 12
1607 1492 1
8053 953 1
2903 1889 1
9067 5551 1
461 87 4
1181 51 1
211 10 5
21929 14035 1
971 402 1
2647 1693 1
1471 74 1
45307 36716 1
863 210 2
1279 1044 1
569 315 2
6197 1150 1
5659 3720 1
47 42 17
443 412 2
3581 928 1
2689 1392 1
12143 1457 1
2633 592 1
2099 334 1
587 47 1
2399 985 1
3251 2010 1
16481 1255 1
2339 206 1
5 1 74
59 48 10
5801 3132 1
83 6 9
3691 2811 1
2731 2496 1
3121 309 1
223 156 2
409 362 4
13 1 33
9521 1527 1
18149 11834 1
4817 2996 2
103 0 8
317 155 4
83 39 4
211 204 5
4289 2985 1
251 132 2
9857 1621 1
211 210 4
13381 12533 1
2803 1525 1
29 25 13
2111 1418 1
2089 1323 1
311 90 2
13829 8235 1
269 31 3
823 652 1
7109 1020 1
569 185 1
3019 1085 1
3121 143 1
5501 1422 1
353 301 2
1201 430 1
1993 1667 1
12941 6931 1
2657 432 1
3463 2297 1
16249 13723 1
1087 119 1
33113 27031 1
373 298 3
34511 32910 1
2633 1510 1
2383 1427 1
1753 554 1
1297 1203 1
8963 794 1
317 22 3
7243 5219 1
2897 1733 1
1901 186 1
1531 1331 1
839 313 1
8093 981 1
83 46 7
347 254 3
673 604 2
3301 1725 1
173 39 7
1699 558 1
5011 2709 1
1613 71 1
1259 284 1
7639 6146 1
103 37 8
2141 94 1
9403 3959 1
5039 2673 1
2579 645 1
281 270 4
2333 1973 1
3593 2034 1
263 175 4
7789 3742 1
23057 16005 1
8971 985 1
2309 744 1
1249 222 1
2027 1230 1
61 32 10
3 0 135
2339 1366 1
7 3 53
9923 9308 1
499 89 2
11 6 45
1427 74 1
1523 320 1
2609 556 1
1327 1299 1
14543 2119 1
1451 71 1
727 122 2
1201 494 1
1181 146 1
4229 2488 1
257 167 4
4261 3351 1
1931 830 1
293 125 3
2503 272 1
1871 953 1
6637 138 1
857 91 1
937 849 3
10433 8034 1
7879 5528 1
563 211 2
1783 344 1
631 91 1
821 291 1
349 65 1
4003 229 1
787 247 3
12211 3814 1
8971 6050 1
331 6 2
7001 6281 1
2111 617 1
941 141 2
1621 677 2
16573 12331 1
577 134 2
1801 1169 1
3583 2920 1
919 463 1
677 362 2
47419 25202 1
1733 914 1
2251 1708 1
5749 4062 1
4259 3087 1
3821 1646 1
2417 152 1
10079 2964 1
5119 882 1
1867 433 1
1033 941 1
1747 1673 1
59 7 12
1621 859 1
9781 277 1
2011 1491 1
59 19 12
5147 1763 1
1667 1442 1
677 535 1
1033 72 1
983 921 1
9067 1489 1
10501 6400 1
809 706 3
5 -1 76
13219 8913 1
4409 3529 1
13259 11157 1
8039 2324 1
8191 5668 1
71 43 12
5573 5187 1
479 389 3
743 707 2
1733 718 1
929 410 2
11383 718 1
103 1 7
2333 106 1
8287 3601 1
60649 31083 1
6553 5496 1
2393 409 1
2633 2186 1
1069 587 2
1637 1044 1
967 639 2
2741 994 1
37 17 13
12893 4128 1
739 371 1
41 14 15
1201 380 1
1931 1478 1
131 123 6
739 392 2
193 158 5
919 866 1
2341 2095 1
2153 740 1
5669 4725 1
1567 185 1
26863 9883 1
743 425 1
1229 889 1
563 478 1
1733 1463 1
109 79 5
1789 358 1
617 141 1
6577 2472 1
2459 2183 1
199 78 4
499 229 1
607 433 2
1033 103 2
4019 1907 1
1301 811 1
251 9 3
4099 355 1
1657 354 1
463 435 2
4937 764 1
2383 1970 1
5563 4468 1
757 339 1
1093 424 1
107 20 5
839 475 1
173 70 5
677 638 1
2389 458 1
4241 824 1
3373 2547 1
5261 1939 1
17041 14795 1
1783 457 1
431 174 3
337 202 3
37691 2781 1
1303 764 1
421 61 2
3631 2651 1
8609 5858 1
139 41 3
2027 1240 1
2381 143 1
13763 2234 1
2477 874 1
10211 8576 1
11 10 36
18451 2218 1
881 347 2
5279 421 1
39419 31369 1
3617 3479 1
1861 1540 1
4447 1182 1
467 284 2
1061 333 1
1889 1507 1
9829 9376 1
2281 475 1
997 63 2
3671 1353 1
839 717 1
4943 1801 1
5119 1376 1
1123 505 1
3607 2497 1
3719 385 1
487 296 2
431 2 3
3919 1225 1
3581 1914 1
2029 294 1
1361 1148 1
12347 11624 1
2609 2546 1
11587 4305 1
1361 1169 1
509 168 1
9277 2671 1
3529 2561 1
433 309 1
3989 3728 1
1433 1073 1
499 460 1
4673 650 1
173 119 5
6359 1679 1
2749 38 1
2473 2164 1
9277 3213 1
4051 2480 1
131 63 5
1693 409 1
2963 2512 1
131 75 6
769 543 2
617 426 1
4987 152 1
6781 2677 1
1949 1677 1
21163 19780 1
17827 9842 1
1187 1154 1
1697 954 1
1009 942 2
521 350 2
14723 4905 1
1933 1838 2
1063 1001 1
163 75 6
163 78 3
5669 1504 1
739 523 2
1163 336 1
6971 3050 1
4463 1621 1
6673 354 1
8369 4833 1
1249 859 1
5981 1277 1
277 184 3
10343 7451 1
79 11 8
1109 346 1
5 3 82
4229 246 1
1973 46 1
1667 1074 1
641 233 2
34949 8564 1
67 56 10
919 679 3
24391 8567 1
2531 813 1
317 175 3
37 3 15
2657 231 1
7103 2022 1
2609 2244 1
15083 12644 1
29629 7008 1
4219 193 1
37 24 12
4111 2817 1
401 64 4
709 697 1
1301 94 2
2269 1805 1
3931 3781 1
8011 5407 1
449 1 2
241 90 4
3571 2461 1
1153 1001 1
1669 658 1
797 583 1
617 118 3
9973 8564 1
1949 851 1
3623 2797 1
821 47 2
3371 2065 1
2 1 97
2339 1489 1
2237 627 1
19421 6992 1
5179 714 1
2741 2109 1
827 818 2
743 575 1
5441 2196 1
2657 1485 1
251 4 3
157 32 6
3187 1758 1
9473 3939 1
24697 9350 1
2207 592 1
36643 6275 1
1753 1104 1
383 199 2
379 208 3
26161 17690 1
18539 5959 1
271 10 3
9241 6407 1
35089 14669 1
12433 1052 1
14983 3070 1
3769 1471 1
733 13 1
9341 7141 1
853 196 1
2069 344 2
821 768 1
193 32 3
523 373 2
2543 722 1
9547 1810 1
701 210 2
2083 1502 2
3917 3556 1
61 13 13
431 175 3
563 337 1
1787 1369 1
2389 1909 1
3517 2719 1
1499 316 1
5011 4703 1
139 42 6
1129 556 1
61 40 9
17509 9033 1
1097 226 2
389 140 6
13907 8791 1
7 5 168
11 2 43
4783 2536 1
16831 8256 1
2377 656 2
3079 2311 1
12601 1241 1
419 351 2
2683 1956 1
28463 15979 1
359 84 1
353 349 2
1009 31 1
23 17 24
4723 4201 1
883 122 2
773 686 2
10601 2818 1
883 131 1
523 225 2
991 862 2
2393 305 1
2647 2198 2
883 670 1
2411 1436 1
6269 6134 1
11839 9640 1
1367 881 1
523 249 1
853 87 1
4729 2189 1
1321 1227 1
8887 7032 1
20939 19679 1
149 108 4
2549 848 2
1709 713 2
761 383 2
3779 1228 1
887 307 1
239 113 3
2137 1544 2
19421 1195 1
26237 8257 1
353 64 3
0 0
