-996 1
-968 1
-929 1
-898 1
-874 1
-826 1
-821 1
-797 1
-766 1
-727 1
-720 1
-700 1
-642 1
-593 1
-522 1
-519 1
-453 1
-449 1
-429 1
-384 1
-360 1
-347 1
-321 1
-318 1
-282 1
-247 1
-150 1
-62 1
-52 1
3 1
10 1
24 1
61 1
63 1
71 1
89 1
103 1
122 1
143 1
222 1
229 1
255 1
266 1
270 1
284 1
336 1
353 1
354 1
378 1
412 1
424 1
433 1
558 1
592 1
656 1
684 1
718 1
794 1
808 1
816 1
824 1
859 1
928 1
953 1
964 1
985 1
-965 2
-839 2
-491 2
-333 2
-319 2
-253 2
-219 2
-81 2
-57 2
-7 2
97 2
223 2
247 2
313 2
369 2
457 2
471 2
515 2
639 2
759 2
781 2
809 2
-991 3
-916 3
-796 3
-769 3
-751 3
-736 3
-731 3
-662 3
-608 3
-547 3
-532 3
-512 3
-490 3
-446 3
-335 3
-244 3
-95 3
-92 3
79 3
184 3
208 3
301 3
388 3
415 3
529 3
533 3
604 3
622 3
688 3
743 3
784 3
809 3
898 3
-927 4
-863 4
-597 4
-575 4
-359 4
-341 4
-265 4
-235 4
-103 4
-41 4
45 4
79 4
119 4
271 4
321 4
343 4
357 4
413 4
545 4
937 4
-861 5
-849 5
-831 5
-804 5
-794 5
-766 5
-709 5
-673 5
-652 5
-613 5
-507 5
-497 5
-456 5
-368 5
-99 5
-63 5
88 5
93 5
109 5
127 5
174 5
187 5
249 5
261 5
304 5
309 5
402 5
547 5
589 5
661 5
736 5
-823 6
-691 6
-395 6
-359 6
-151 6
-131 6
-97 6
305 6
317 6
401 6
449 6
499 6
619 6
-968 7
-870 7
-603 7
-456 7
-331 7
-311 7
-214 7
-134 7
-90 7
96 7
110 7
148 7
226 7
372 7
457 7
487 7
572 7
717 7
722 7
737 7
-975 8
-945 8
-927 8
-785 8
-559 8
-457 8
-349 8
-331 8
-271 8
-175 8
93 8
99 8
133 8
313 8
493 8
-853 9
-836 9
-296 9
-254 9
-106 9
80 9
164 9
332 9
425 9
451 9
512 9
539 9
970 9
-887 10
-571 10
-549 10
-391 10
-271 10
-221 10
-107 10
57 10
99 10
183 10
239 10
287 10
357 10
793 10
-904 11
-772 11
-694 11
-624 11
-494 11
-432 11
-241 11
-197 11
-112 11
-109 11
-92 11
-54 11
38 11
43 11
260 11
368 11
562 11
563 11
816 11
882 11
-413 12
-193 12
-173 12
305 12
347 12
583 12
-990 13
-817 13
-655 13
-577 13
-465 13
-340 13
-252 13
-185 13
-168 13
-166 13
-146 13
-120 13
112 13
120 13
138 13
170 13
198 13
268 13
334 13
412 13
552 13
698 13
730 13
733 13
746 13
828 13
870 13
929 13
-955 14
-355 14
-255 14
-181 14
71 14
157 14
177 14
319 14
731 14
927 14
-674 15
-404 15
-383 15
-317 15
-251 15
-176 15
-151 15
74 15
292 15
304 15
353 15
392 15
437 15
754 15
907 15
929 15
-971 16
-637 16
-555 16
-439 16
-187 16
-27 16
105 16
157 16
255 16
461 16
757 16
927 16
-707 17
-559 17
-363 17
-359 17
-313 17
-48 17
21 17
65 17
120 17
309 17
433 17
465 17
502 17
618 17
620 17
687 17
772 17
803 17
824 17
949 17
-967 18
-959 18
-85 18
-71 18
25 18
419 18
803 18
-841 19
-701 19
-668 19
-465 19
-264 19
-232 19
-216 19
-164 19
-60 19
14 19
84 19
102 19
223 19
249 19
288 19
303 19
434 19
504 19
686 19
726 19
-623 20
-261 20
-207 20
-201 20
-161 20
7 20
33 20
321 20
407 20
431 20
527 20
579 20
743 20
-743 21
-460 21
-293 21
-62 21
-17 21
320 21
505 21
827 21
-987 22
-905 22
-543 22
-157 22
-141 22
-137 22
581 22
-985 23
-867 23
-865 23
-797 23
-751 23
-726 23
-692 23
-627 23
-533 23
-363 23
-348 23
-300 23
-47 23
182 23
220 23
330 23
402 23
432 23
477 23
538 23
546 23
550 23
569 23
885 23
995 23
65 24
479 24
775 24
815 24
-456 25
-334 25
-239 25
-142 25
-27 25
-4 25
11 25
97 25
101 25
128 25
261 25
272 25
433 25
482 25
513 25
578 25
606 25
798 25
862 25
-851 26
-235 26
-229 26
-57 26
-17 26
123 26
599 26
805 26
-887 27
-878 27
-844 27
-313 27
-229 27
-178 27
-83 27
196 27
206 27
448 27
470 27
923 27
965 27
-673 28
-19 28
373 28
605 28
-969 29
-824 29
-821 29
-780 29
-615 29
-527 29
-343 29
-313 29
-121 29
-10 29
8 29
26 29
62 29
89 29
123 29
194 29
257 29
585 29
734 29
743 29
765 29
785 29
859 29
867 29
948 29
988 29
-671 30
-79 30
997 30
-991 31
-810 31
-661 31
-474 31
-307 31
-268 31
-230 31
-9 31
370 31
474 31
-869 32
-323 32
-309 32
281 32
337 32
341 32
859 32
-632 33
-610 33
-449 33
-304 33
-669 34
107 34
137 34
807 34
911 34
-839 35
-667 35
-472 35
-396 35
-192 35
-19 35
323 35
388 35
271 36
341 36
353 36
485 36
-614 37
-598 37
-466 37
-425 37
-235 37
-104 37
115 37
234 37
505 37
577 37
584 37
603 37
-913 38
-825 38
-805 38
-357 38
-67 38
789 38
-563 39
-440 39
-385 39
-263 39
-148 39
-134 39
166 39
392 39
737 39
859 39
-943 40
-629 40
-597 40
-393 40
109 40
441 40
701 40
-568 41
-250 41
-185 41
-52 41
275 41
332 41
456 41
641 41
-1 42
-835 43
-786 43
-685 43
-277 43
-240 43
120 43
145 43
155 43
218 43
277 43
390 43
618 43
669 43
704 43
-923 44
-565 44
431 44
-56 45
73 45
676 45
-591 46
-551 46
-289 46
337 46
971 46
-981 47
-928 47
172 47
316 47
388 47
741 47
-89 48
-659 49
-541 49
-260 49
-94 49
600 49
776 49
989 49
-981 50
-737 50
-297 50
0 0
1277 561 1
1013 755 2
11953 3215 1
1301 19 1
25147 8560 1
1609 1572 1
307 38 2
3433 1084 1
139 58 6
1759 1457 1
1439 1354 1
3407 1397 1
3041 2137 1
1091 412 1
853 808 3
569 133 1
6959 1619 1
3121 2919 1
1283 877 2
3083 1839 1
6661 5856 1
89 56 9
1607 1492 2
8053 953 1
2903 1889 1
31319 21632 1
11279 10961 1
9067 5551 1
3373 1371 1
461 87 4
1181 51 1
8171 4625 1
211 10 5
21929 14035 1
971 402 1
2647 1693 1
14627 7542 1
863 210 2
1279 1044 2
569 315 1
13003 11692 1
47 42 19
443 412 2
3581 928 1
12143 1457 1
2633 592 2
587 47 1
2399 985 2
3251 2010 1
16481 1255 1
5 1 99
59 48 11
83 6 10
3691 2811 1
223 156 2
409 362 3
4219 1030 1
4159 1141 1
13 1 48
9521 1527 1
4507 2613 1
18149 11834 1
4817 2996 1
103 0 9
317 155 3
83 39 7
211 204 3
4289 2985 1
251 132 5
9857 1621 1
14939 7854 1
211 210 4
2381 932 1
13381 12533 1
1789 1553 1
2803 1525 1
29 25 18
30469 9052 1
1783 431 1
2089 1323 1
3343 2048 1
13709 8043 1
311 90 2
269 31 2
823 652 2
1627 466 1
569 185 2
3019 1085 1
3121 143 1
5501 1422 1
1847 871 1
353 301 4
1993 1667 1
2017 1119 1
12941 6931 1
2657 432 1
16249 13723 1
1087 119 1
2999 1669 1
373 298 3
8963 270 1
2791 353 1
16603 11721 1
2633 1510 2
3259 594 1
2383 1427 1
1753 554 1
1297 1203 2
8963 794 1
317 22 4
7243 5219 1
839 313 1
1361 1101 1
4337 869 1
1373 1092 1
8431 816 1
83 46 7
347 254 4
673 604 1
173 39 7
1699 558 1
5749 1985 1
41399 15386 1
1613 71 1
1259 284 1
7639 6146 1
103 37 6
2141 94 2
281 270 4
3253 2863 1
2333 1973 1
3593 2034 1
263 175 3
23057 16005 1
8971 985 1
1583 1435 1
2309 744 1
12689 8373 1
1249 222 1
2027 1230 1
61 32 10
3 0 145
7 3 51
9923 9308 1
499 89 3
941 119 1
11 6 51
1427 74 1
1523 320 1
7517 2335 1
1327 1299 1
14543 2119 1
3343 353 1
1451 71 1
727 122 2
12073 8310 1
4957 1511 1
1181 146 2
257 167 5
2971 1778 1
4261 3351 1
1667 1018 1
1931 830 1
293 125 3
1871 953 1
6637 138 1
857 91 1
3181 2481 1
937 849 2
3557 1077 1
10433 8034 1
563 211 1
1783 344 1
631 91 1
821 291 3
349 65 1
4003 229 1
659 64 2
35419 7642 1
5197 684 1
787 247 1
12211 3814 1
8971 6050 1
331 6 2
7001 6281 1
2111 617 1
941 141 1
1621 677 1
4073 2732 1
941 150 1
577 134 3
1801 1169 1
3583 2920 1
677 362 2
4637 4121 1
8423 1113 1
47419 25202 1
2251 1708 1
5749 4062 1
21397 8881 1
4259 3087 1
5119 882 1
1867 433 1
7883 4862 1
1033 941 2
59 7 12
1621 859 1
59 19 14
5147 1763 1
1667 1442 2
1033 72 2
983 921 1
809 706 2
5 -1 77
13219 8913 1
977 695 1
8039 2324 1
8191 5668 1
71 43 8
479 389 5
743 707 1
1733 718 1
929 410 2
11383 718 1
2153 540 1
103 1 8
2333 106 1
8287 3601 1
8287 401 1
1069 587 1
13807 12210 1
1637 1044 1
967 639 1
2741 994 1
37 17 17
739 371 1
41 14 18
5669 4174 1
2029 1432 1
1201 380 2
1931 1478 2
131 123 3
739 392 1
16567 4670 1
193 158 4
919 866 2
4481 2603 1
10853 2961 1
5879 266 1
1567 185 2
26863 9883 1
743 425 2
4297 2677 1
1229 889 2
563 478 2
1733 1463 1
109 79 8
1789 358 1
617 141 1
6577 2472 1
6947 827 1
199 78 7
499 229 1
607 433 1
1033 103 1
4019 1907 1
1301 811 1
251 9 8
4099 355 1
25633 19842 1
1657 354 1
463 435 3
5563 4468 1
757 339 1
1093 424 1
107 20 6
9241 378 1
839 475 2
173 70 7
677 638 2
2389 458 1
4241 824 1
3373 2547 1
5261 1939 1
17041 14795 1
1783 457 1
431 174 3
337 202 1
1303 764 1
5737 266 1
421 61 2
2153 1143 1
3631 2651 1
8609 5858 1
139 41 5
2027 1240 1
2381 143 1
13763 2234 1
10211 8576 1
11 10 41
18451 2218 1
881 347 2
1217 822 1
7417 3510 1
39419 31369 1
3617 3479 1
1861 1540 1
4447 1182 1
467 284 4
1061 333 1
1889 1507 1
9829 9376 1
2281 475 1
997 63 1
3671 1353 1
839 717 1
5119 1376 1
1123 505 1
3719 385 1
487 296 1
431 2 3
3919 1225 1
3581 1914 2
5039 3461 1
2029 294 1
2609 2546 1
11587 4305 1
1361 1169 1
9161 5682 1
14621 8853 1
1103 208 1
509 168 2
3529 2561 1
433 309 2
3989 3728 1
1433 1073 1
499 460 2
4133 1053 1
10477 6585 1
173 119 4
6359 1679 1
2473 2164 1
4051 2480 1
131 63 6
1693 409 1
131 75 7
769 543 1
617 426 1
4987 152 1
1321 24 1
1553 1301 1
1949 1677 2
17827 9842 1
1187 1154 1
2377 1993 1
1697 954 1
1009 942 2
11131 10810 1
521 350 1
1933 1838 2
1063 1001 2
163 75 8
163 78 6
739 523 1
1163 336 2
4463 1621 1
6673 354 1
9839 3641 1
8369 4833 1
10243 3996 1
1249 859 2
19913 7178 1
277 184 3
10343 7451 1
79 11 9
1109 346 2
5 3 88
1669 306 1
1667 1074 1
641 233 2
1597 51 1
67 56 8
38219 33759 1
919 679 2
23081 7039 1
24391 8567 1
2531 813 1
5927 5014 1
317 175 2
1321 918 2
8963 8389 1
5279 2513 1
37 3 18
2657 231 1
12517 9239 1
2347 1268 1
2609 2244 1
15083 12644 1
29629 7008 1
4219 193 1
37 24 13
1487 282 2
4111 2817 1
401 64 3
3943 1435 1
709 697 1
1301 94 2
2269 1805 1
3931 3781 1
449 1 1
241 90 3
8807 8448 1
3571 2461 1
1153 1001 1
643 195 2
21313 9048 1
1669 658 1
5851 4950 1
797 583 1
617 118 2
9973 8564 1
4639 3912 1
1949 851 2
21163 6889 1
3623 2797 1
821 47 1
3371 2065 1
2 1 97
14923 5797 1
2339 1489 1
2237 627 1
19421 6992 1
5179 714 1
2741 2109 1
827 818 2
32321 16565 1
2657 1485 1
251 4 3
157 32 7
3187 1758 1
653 624 2
29027 12354 1
18617 808 1
4093 2440 1
2207 592 2
20389 9775 1
1753 1104 1
383 199 3
11801 816 1
379 208 2
26161 17690 1
18539 5959 1
271 10 3
35089 14669 1
14983 3070 1
733 13 2
9341 7141 1
853 196 1
2069 344 1
821 768 1
193 32 3
523 373 3
9547 1810 1
701 210 2
2083 1502 1
3917 3556 1
61 13 14
30307 18491 1
431 175 4
563 337 3
1787 1369 1
2389 1909 1
3517 2719 1
1499 316 1
5011 4703 1
139 42 5
1129 556 1
61 40 13
16001 4114 1
9929 8137 1
389 140 3
1051 60 1
7 5 190
1489 96 1
11 2 39
4783 2536 1
16831 8256 1
2377 656 3
2267 714 1
419 351 2
2683 1956 1
359 84 2
353 349 1
1009 31 2
23 17 28
1249 790 1
4723 4201 1
883 122 2
773 686 1
883 131 2
523 225 3
4139 3920 1
991 862 2
2647 2198 2
883 670 2
2411 1436 1
11839 9640 1
1367 881 1
523 249 1
853 87 1
1321 1227 1
2027 560 2
8887 7032 1
149 108 6
2549 848 2
1709 713 1
761 383 2
3779 1228 1
239 113 3
2137 1544 2
26237 8257 1
353 64 3
0 0
